"ANTS_roi","FS53_roi","r_value","p_value"
"L.cauantCG","L.cauantCG",0.209443512975321,3.97863844403704e-11
"L.cauantCG","L.parsORB",0.255252928929987,5.74992747187222e-16
"L.cauantCG","R.parsORB",0.294010803213995,6.80558676440174e-21
"L.cauantCG","L.preCN",0.15323080096832,1.53283440758218e-06
"L.cauantCG","R.ENT",0.124955585436287,9.15069178790946e-05
"L.cauantCG","L.CN",-0.0428886340721004,0.180865485317
"L.cauantCG","R.periCAL",-0.184813936077871,6.11577347836998e-09
"L.cauantCG","L.rosantCG",0.199319809601904,3.41017504998525e-10
"L.cauantCG","L.caumidF",0.153633869533529,1.43771954886696e-06
"L.cauantCG","R.rosantCG",0.267471559629596,1.95638531818721e-17
"L.cauantCG","L.latO",0.0450124811221685,0.160192886361405
"L.cauantCG","L.FUS",0.304280765841077,2.4684116478611e-22
"L.cauantCG","R.LG",-0.0115101009462165,0.719629776807917
"L.cauantCG","R.postCEN",0.111294273675273,0.000498566017471112
"L.cauantCG","L.periCAL",-0.198925457297299,3.69955011317383e-10
"L.cauantCG","L.SM",0.194535039295738,9.05865885823692e-10
"L.cauantCG","L.parOP",0.238560190068333,4.39509962991233e-14
"L.cauantCG","L.supP",0.110793802412227,0.000528710411209194
"L.cauantCG","R.posCG",0.194321770675107,9.45644016714071e-10
"L.cauantCG","L.ENT",0.142866353750685,7.52508717537871e-06
"L.cauantCG","R.FUS",0.269433073786905,1.11833354927625e-17
"L.cauantCG","R.supP",0.0865682143970832,0.00683654970378149
"L.cauantCG","R.supT",0.319932587854849,1.21296711227158e-24
"L.cauantCG","R.rosmidF",0.213807913314649,1.52249398708817e-11
"L.cauantCG","R.preCEN",0.137844116092286,1.56529084137165e-05
"L.cauantCG","L.latorbF",0.282812957207526,2.17738477274303e-19
"L.cauantCG","L.transT",0.094431395553502,0.00316301801759811
"L.cauantCG","L.posCG",0.178451937893821,2.02208049302288e-08
"L.cauantCG","R.transT",0.060745561379866,0.0579471479485359
"L.cauantCG","R.preCN",0.121639788123544,0.000140392722359999
"L.cauantCG","L.preCEN",0.121749267495265,0.000138446142527588
"L.cauantCG","L.infP",0.166190883116488,1.79905474335401e-07
"L.cauantCG","R.infP",0.181257624611712,1.19959688895668e-08
"L.cauantCG","R.INS",0.216670517451607,8.01677804011907e-12
"L.cauantCG","R.caumidF",0.166402750301429,1.73466048212153e-07
"L.cauantCG","R.paraCEN",0.109262181984237,0.000631827229383551
"L.cauantCG","L.infT",0.308871439793297,5.36575169356844e-23
"L.cauantCG","R.supF",0.26975793472393,1.0189484603964e-17
"L.cauantCG","L.paraH",0.215046697687091,1.15476040049732e-11
"L.cauantCG","L.midT",0.212385331972374,2.08703845311588e-11
"L.cauantCG","R.paraH",0.207985662603389,5.4584845884067e-11
"L.cauantCG","L.isthCG",0.109939097965633,0.000584142526307095
"L.cauantCG","L.parsTRI",0.180229360776057,1.45397783049637e-08
"L.cauantCG","R.infT",0.288130394442755,4.28223241647921e-20
"L.cauantCG","R.latorbF",0.303942851350192,2.75892608610112e-22
"L.cauantCG","L.rosmidF",0.186845278559281,4.13746312801485e-09
"L.cauantCG","L.supF",0.256258663044335,4.38230969631544e-16
"L.cauantCG","R.cauantCG",0.184820409268388,6.10820441277545e-09
"L.cauantCG","L.LG",-0.0202920232427966,0.52681816511388
"L.cauantCG","R.isthCG",0.0890117479439504,0.00541336755697919
"L.cauantCG","L.medorbF",0.219850238677703,3.89031843580622e-12
"L.cauantCG","R.SM",0.190543228674728,2.00866821111888e-09
"L.cauantCG","L.supT",0.274234757851939,2.78949232427601e-18
"L.cauantCG","R.midT",0.273719754149642,3.24177936922575e-18
"L.cauantCG","L.postCEN",0.124689854068519,9.47375793176498e-05
"L.cauantCG","R.latO",0.0233830278821416,0.465819455367692
"L.cauantCG","R.parOP",0.267693475434423,1.83686089786786e-17
"L.cauantCG","L.paraCEN",0.124874882413915,9.24769214257324e-05
"L.cauantCG","R.parsTRI",0.245795991457566,6.97872265986055e-15
"L.cauantCG","R.medorbF",0.266023361571031,2.94776611847941e-17
"L.cauantCG","R.CN",-0.0340093744148611,0.288741256684083
"L.cauantCG","L.INS",0.245147166001684,8.25096417860217e-15
"L.parsORB","L.cauantCG",-0.126489743436794,7.47955312496682e-05
"L.parsORB","L.parsORB",0.47735439344965,1.22910438588014e-56
"L.parsORB","R.parsORB",0.437557139147413,7.28854239216199e-47
"L.parsORB","L.preCN",0.174853022631292,3.90342662121869e-08
"L.parsORB","R.ENT",0.31671091691036,3.71859854977482e-24
"L.parsORB","L.CN",0.0175772156215419,0.58356373828697
"L.parsORB","R.periCAL",-0.0484165134421704,0.130851690590382
"L.parsORB","L.rosantCG",0.0759003327402114,0.0177704469004505
"L.parsORB","L.caumidF",0.188466569786854,3.01938089994696e-09
"L.parsORB","R.rosantCG",0.0636048735334531,0.0470861470677813
"L.parsORB","L.latO",0.112488569608323,0.000432975196595843
"L.parsORB","L.FUS",0.335228967300781,4.91837001601309e-27
"L.parsORB","R.LG",0.156144773886802,9.61073288907619e-07
"L.parsORB","R.postCEN",0.220336480938321,3.47966832422704e-12
"L.parsORB","L.periCAL",-0.0677023952244912,0.0345391617519282
"L.parsORB","L.SM",0.315054914574736,6.57899548698041e-24
"L.parsORB","L.parOP",0.396906780561379,3.87006732000065e-38
"L.parsORB","L.supP",0.183165532255781,8.37117293363252e-09
"L.parsORB","R.posCG",-0.00650107447528667,0.839340036829666
"L.parsORB","L.ENT",0.350593240136357,1.41083386211075e-29
"L.parsORB","R.FUS",0.34196600050864,3.93141044006144e-28
"L.parsORB","R.supP",0.204070225886602,1.26171288596169e-10
"L.parsORB","R.supT",0.498961984241768,1.65041176232202e-62
"L.parsORB","R.rosmidF",0.279351741087241,6.1593086456974e-19
"L.parsORB","R.preCEN",0.281373768732952,3.36113458903838e-19
"L.parsORB","L.latorbF",0.456924737069397,1.85273455616568e-51
"L.parsORB","L.transT",0.2634740018701,6.02929623657019e-17
"L.parsORB","L.posCG",-0.0452526711524798,0.157972072716687
"L.parsORB","R.transT",0.260205246304873,1.49221379276116e-16
"L.parsORB","R.preCN",0.190731767936649,1.93525920892267e-09
"L.parsORB","L.preCEN",0.268654988326631,1.39687294659885e-17
"L.parsORB","L.infP",0.265781839483665,3.15558169370188e-17
"L.parsORB","R.infP",0.241393217171016,2.15360820703471e-14
"L.parsORB","R.INS",0.156968519488001,8.40944588014373e-07
"L.parsORB","R.caumidF",0.201714140333255,2.07229645426168e-10
"L.parsORB","R.paraCEN",0.291002627870092,1.7532513901941e-20
"L.parsORB","L.infT",0.454659200274947,6.61793787465892e-51
"L.parsORB","R.supF",0.298740710940698,1.5020040946745e-21
"L.parsORB","L.paraH",0.18970271191812,2.37023406031325e-09
"L.parsORB","L.midT",0.451083015396721,4.84247495213132e-50
"L.parsORB","R.paraH",0.226875149357783,7.5676023030363e-13
"L.parsORB","L.isthCG",-0.0152666516666989,0.633990829763104
"L.parsORB","L.parsTRI",0.406350806006176,4.63984762193639e-40
"L.parsORB","R.infT",0.381931789080356,3.22970247340513e-35
"L.parsORB","R.latorbF",0.455658704892465,3.77836903907074e-51
"L.parsORB","L.rosmidF",0.270778662232203,7.59967537315318e-18
"L.parsORB","L.supF",0.274195619054957,2.82156141653019e-18
"L.parsORB","R.cauantCG",-0.0415374157999118,0.195009634004222
"L.parsORB","L.LG",0.140776926428253,1.02368668086249e-05
"L.parsORB","R.isthCG",-0.0720789911311886,0.0244041254098367
"L.parsORB","L.medorbF",0.298992047312987,1.38502921449095e-21
"L.parsORB","R.SM",0.299240053613524,1.27843661310714e-21
"L.parsORB","L.supT",0.486174730916035,5.53689037174791e-59
"L.parsORB","R.midT",0.416511480076851,3.38335654969367e-42
"L.parsORB","L.postCEN",0.228696992093956,4.90514510773429e-13
"L.parsORB","R.latO",0.0997837291120307,0.00181135187778233
"L.parsORB","R.parOP",0.378684661436154,1.3270671663809e-34
"L.parsORB","L.paraCEN",0.239928477613976,3.1177320502655e-14
"L.parsORB","R.parsTRI",0.425244589454177,4.29382787855969e-44
"L.parsORB","R.medorbF",0.282404253402311,2.46372689730393e-19
"L.parsORB","R.CN",0.040249050694151,0.209234614082765
"L.parsORB","L.INS",0.219666035372724,4.05796917297262e-12
"R.parsORB","L.cauantCG",-0.081863304271143,0.0105520088562064
"R.parsORB","L.parsORB",0.468182370929884,2.86962317280078e-54
"R.parsORB","R.parsORB",0.525192525992311,3.15885303831697e-70
"R.parsORB","L.preCN",0.200033378535206,2.94162314324483e-10
"R.parsORB","R.ENT",0.289326179109845,2.9563122183842e-20
"R.parsORB","L.CN",0.0572029710195448,0.0742073356667412
"R.parsORB","R.periCAL",-0.00368628080287014,0.908479351455661
"R.parsORB","L.rosantCG",0.0985871325791696,0.00205653580007458
"R.parsORB","L.caumidF",0.236353410657985,7.61260612055385e-14
"R.parsORB","R.rosantCG",0.0707702022022635,0.0271235439795255
"R.parsORB","L.latO",0.115865132779312,0.000288443853006002
"R.parsORB","L.FUS",0.345476390541719,1.028033221008e-28
"R.parsORB","R.LG",0.168006434790763,1.31444726997723e-07
"R.parsORB","R.postCEN",0.226700756916559,7.88676429142949e-13
"R.parsORB","L.periCAL",-0.0155551679944564,0.627593891448808
"R.parsORB","L.SM",0.318047341192942,2.34032347402347e-24
"R.parsORB","L.parOP",0.401298527561442,5.03508343109452e-39
"R.parsORB","L.supP",0.215603130467274,1.01935060057597e-11
"R.parsORB","R.posCG",0.039238678309467,0.220904304261292
"R.parsORB","L.ENT",0.312810493486417,1.41740965741392e-23
"R.parsORB","R.FUS",0.331370459532806,2.03290497465705e-26
"R.parsORB","R.supP",0.2345999957313,1.17320263149038e-13
"R.parsORB","R.supT",0.485910686544752,6.52386622075208e-59
"R.parsORB","R.rosmidF",0.327597671491271,7.98464209969547e-26
"R.parsORB","R.preCEN",0.267222367558271,2.09974780798143e-17
"R.parsORB","L.latorbF",0.453533960483879,1.24107014010529e-50
"R.parsORB","L.transT",0.232129361674052,2.14525924761497e-13
"R.parsORB","L.posCG",-0.0378880075853615,0.237221803623557
"R.parsORB","R.transT",0.267277881254255,2.06694017572339e-17
"R.parsORB","R.preCN",0.194076393577907,9.93516929259715e-10
"R.parsORB","L.preCEN",0.252084342107124,1.3425610398874e-15
"R.parsORB","L.infP",0.271821335502633,5.62519255781294e-18
"R.parsORB","R.infP",0.284343947604391,1.36817879075944e-19
"R.parsORB","R.INS",0.138725250435422,1.3790328784492e-05
"R.parsORB","R.caumidF",0.238803943965101,4.13494626907097e-14
"R.parsORB","R.paraCEN",0.267999918329821,1.6835569263218e-17
"R.parsORB","L.infT",0.450735597224665,5.86799585285312e-50
"R.parsORB","R.supF",0.314055724594046,9.26636963084928e-24
"R.parsORB","L.paraH",0.207308525806585,6.31713660100805e-11
"R.parsORB","L.midT",0.403774831600191,1.57289219007094e-39
"R.parsORB","R.paraH",0.234156552802278,1.30809189476772e-13
"R.parsORB","L.isthCG",-0.0107720764399085,0.736918945899214
"R.parsORB","L.parsTRI",0.39209886812872,3.48484509354979e-37
"R.parsORB","R.infT",0.376140974395492,3.97042349738061e-34
"R.parsORB","R.latorbF",0.548920096786621,8.14083714597892e-78
"R.parsORB","L.rosmidF",0.315951497403255,4.83283219472807e-24
"R.parsORB","L.supF",0.331186365728701,2.17421187136725e-26
"R.parsORB","R.cauantCG",-0.0192523403101448,0.548213957756333
"R.parsORB","L.LG",0.16841160364059,1.22496672771281e-07
"R.parsORB","R.isthCG",-0.0507893858720817,0.112992101950107
"R.parsORB","L.medorbF",0.32450542182763,2.41561524017767e-25
"R.parsORB","R.SM",0.320412155113145,1.02545635669088e-24
"R.parsORB","L.supT",0.44680959455824,5.06442466146292e-49
"R.parsORB","R.midT",0.393920004005483,1.52232319158409e-37
"R.parsORB","L.postCEN",0.230743478430752,3.0005142857219e-13
"R.parsORB","R.latO",0.119926390780378,0.00017441685907328
"R.parsORB","R.parOP",0.39491071852014,9.68035564812948e-38
"R.parsORB","L.paraCEN",0.242930371084268,1.45681164618163e-14
"R.parsORB","R.parsTRI",0.47846363566414,6.28450229623293e-57
"R.parsORB","R.medorbF",0.296227317580055,3.36424576691043e-21
"R.parsORB","R.CN",0.0565952199888752,0.0773398200244537
"R.parsORB","L.INS",0.207806606383982,5.67375857194702e-11
"L.preCN","L.cauantCG",0.315267041466252,6.11655857082413e-24
"L.preCN","L.parsORB",0.296985957200471,2.63963621654999e-21
"L.preCN","R.parsORB",0.228610082610092,5.00808382236019e-13
"L.preCN","L.preCN",0.587234090729159,1.94924204372114e-91
"L.preCN","R.ENT",0.0246246879024955,0.442465954973551
"L.preCN","L.CN",0.473597380996885,1.17049329200248e-55
"L.preCN","R.periCAL",0.283995415497818,1.52121781818585e-19
"L.preCN","L.rosantCG",0.311066486864892,2.56178275931244e-23
"L.preCN","L.caumidF",0.250077513728432,2.28322502588761e-15
"L.preCN","R.rosantCG",0.219955013105076,3.7980042782167e-12
"L.preCN","L.latO",0.466361093213152,8.30951064873831e-54
"L.preCN","L.FUS",0.449197890384607,1.36952327097456e-49
"L.preCN","R.LG",0.445622432967231,9.66433506140884e-49
"L.preCN","R.postCEN",0.357115263074941,1.06357945873995e-30
"L.preCN","L.periCAL",0.316473844729694,4.03596283028214e-24
"L.preCN","L.SM",0.327282179562378,8.94462144512848e-26
"L.preCN","L.parOP",0.283945930766065,1.54427316042582e-19
"L.preCN","L.supP",0.462555060623541,7.50870315470124e-53
"L.preCN","R.posCG",0.446370524336838,6.43360755411245e-49
"L.preCN","L.ENT",0.0485654506486175,0.129669963009483
"L.preCN","R.FUS",0.385053950267422,8.17487877029804e-36
"L.preCN","R.supP",0.418082098981076,1.55731562996988e-42
"L.preCN","R.supT",0.225092782296105,1.15245116273452e-12
"L.preCN","R.rosmidF",0.268154974682444,1.6108620049996e-17
"L.preCN","R.preCEN",0.314348552389478,8.38252547903889e-24
"L.preCN","L.latorbF",0.349423492391035,2.22877437501961e-29
"L.preCN","L.transT",0.304625748383634,2.20302198913825e-22
"L.preCN","L.posCG",0.477332337339083,1.24557668226755e-56
"L.preCN","R.transT",0.225461893305699,1.05662567750561e-12
"L.preCN","R.preCN",0.529677783527543,1.29096179290252e-71
"L.preCN","L.preCEN",0.310836099799624,2.7693024089633e-23
"L.preCN","L.infP",0.436112629653069,1.5616723109805e-46
"L.preCN","R.infP",0.435310616544116,2.38039206548889e-46
"L.preCN","R.INS",0.396436995133122,4.80481339605724e-38
"L.preCN","R.caumidF",0.27429831079394,2.73818284071976e-18
"L.preCN","R.paraCEN",0.396634355394617,4.38755456468569e-38
"L.preCN","L.infT",0.334014546743282,7.70445112357062e-27
"L.preCN","R.supF",0.325206884845982,1.88128241350178e-25
"L.preCN","L.paraH",0.215269390299564,1.09857746935827e-11
"L.preCN","L.midT",0.202673621690214,1.69437917325366e-10
"L.preCN","R.paraH",0.231339374087119,2.59810504956453e-13
"L.preCN","L.isthCG",0.426196959362061,2.64625404984423e-44
"L.preCN","L.parsTRI",0.260437003824756,1.39993531122036e-16
"L.preCN","R.infT",0.294545109347859,5.74583333002269e-21
"L.preCN","R.latorbF",0.286881447063993,6.29391645405676e-20
"L.preCN","L.rosmidF",0.272752214810231,4.29544038454783e-18
"L.preCN","L.supF",0.361878086134855,1.5494667897452e-31
"L.preCN","R.cauantCG",0.272991041848916,4.00759278447892e-18
"L.preCN","L.LG",0.46068689206078,2.18981661323305e-52
"L.preCN","R.isthCG",0.416475721273475,3.44349053288023e-42
"L.preCN","L.medorbF",0.290031529707254,2.37392521944466e-20
"L.preCN","R.SM",0.356123411941473,1.58199781171591e-30
"L.preCN","L.supT",0.214229939495387,1.3859092990168e-11
"L.preCN","R.midT",0.222909016662898,1.92010063325358e-12
"L.preCN","L.postCEN",0.365349578883694,3.72757273608796e-32
"L.preCN","R.latO",0.414758123170702,8.00602327422875e-42
"L.preCN","R.parOP",0.266326087710478,2.70624075821871e-17
"L.preCN","L.paraCEN",0.461709484468493,1.21988977591381e-52
"L.preCN","R.parsTRI",0.220246000718836,3.55272479978222e-12
"L.preCN","R.medorbF",0.256892511389202,3.69059343090205e-16
"L.preCN","R.CN",0.4610696374479,1.75957030462365e-52
"L.preCN","L.INS",0.328732073182616,5.30256483634946e-26
"R.ENT","L.cauantCG",0.0488938425863623,0.127093614153511
"R.ENT","L.parsORB",-0.199534262350613,3.262198716646e-10
"R.ENT","R.parsORB",-0.211743179301975,2.40461354179887e-11
"R.ENT","L.preCN",-0.0956621475924737,0.00278906709857445
"R.ENT","R.ENT",0.355716534512902,1.86108295541498e-30
"R.ENT","L.CN",0.0165469792447192,0.605818237378507
"R.ENT","R.periCAL",-0.00285665543129976,0.929014522164326
"R.ENT","L.rosantCG",0.202387241093635,1.79951213076432e-10
"R.ENT","L.caumidF",-0.311115290174588,2.51983783841044e-23
"R.ENT","R.rosantCG",0.0775523210573494,0.0154305673726474
"R.ENT","L.latO",0.108387390427672,0.000698810867036847
"R.ENT","L.FUS",0.300218025341877,9.31538232182249e-22
"R.ENT","R.LG",0.0681255310434092,0.0334232717592965
"R.ENT","R.postCEN",-0.0539543992906289,0.0922220755417136
"R.ENT","L.periCAL",-0.0224472325245342,0.483862555186491
"R.ENT","L.SM",-0.149676122052334,2.67774341920457e-06
"R.ENT","L.parOP",-0.162792647793099,3.20784871395198e-07
"R.ENT","L.supP",-0.11006428186215,0.000575699240970699
"R.ENT","R.posCG",-0.104748200402871,0.00105445052843049
"R.ENT","L.ENT",0.344764843282149,1.35110399552946e-28
"R.ENT","R.FUS",0.315830396136776,5.0387417448824e-24
"R.ENT","R.supP",-0.117408802682293,0.000238689354243375
"R.ENT","R.supT",0.187033016064229,3.98981991615978e-09
"R.ENT","R.rosmidF",-0.442332163499289,5.71744578110444e-48
"R.ENT","R.preCEN",-0.115209008010189,0.000312399745077671
"R.ENT","L.latorbF",-0.118256442767459,0.000214910431507658
"R.ENT","L.transT",0.126713829629959,7.26106340375965e-05
"R.ENT","L.posCG",-0.0514877902021675,0.10811819316097
"R.ENT","R.transT",0.0768932038833861,0.0163295414973586
"R.ENT","R.preCN",-0.151326564294977,2.06999176695918e-06
"R.ENT","L.preCEN",-0.0872111391160267,0.00643274296462594
"R.ENT","L.infP",-0.0945899327913843,0.00311241343121283
"R.ENT","R.infP",-0.0886802714950329,0.00558931329474222
"R.ENT","R.INS",0.327486696130583,8.31009149558007e-26
"R.ENT","R.caumidF",-0.344302725136822,1.61288336960181e-28
"R.ENT","R.paraCEN",-0.208009887381131,5.42997956496164e-11
"R.ENT","L.infT",0.190291318095004,2.11099102327363e-09
"R.ENT","R.supF",-0.410584191031127,6.09558654543794e-41
"R.ENT","L.paraH",0.227535341738986,6.47004410653797e-13
"R.ENT","L.midT",0.0927168862995033,0.00376013647393556
"R.ENT","R.paraH",0.284645258465093,1.24819030221261e-19
"R.ENT","L.isthCG",0.00377540380627977,0.906276730883797
"R.ENT","L.parsTRI",-0.287051750588532,5.97261509267717e-20
"R.ENT","R.infT",0.242564430942679,1.59928035135939e-14
"R.ENT","R.latorbF",-0.132074594352421,3.52071844258238e-05
"R.ENT","L.rosmidF",-0.405518589794534,6.89131722931205e-40
"R.ENT","L.supF",-0.354805057625917,2.67583555651725e-30
"R.ENT","R.cauantCG",-0.0341690148846983,0.286482536810705
"R.ENT","L.LG",0.0293665193198648,0.359671862604971
"R.ENT","R.isthCG",-0.0174543513037912,0.586197710703241
"R.ENT","L.medorbF",-0.115380106545541,0.000305979548515562
"R.ENT","R.SM",-0.102500032645726,0.00135108788441478
"R.ENT","L.supT",0.224391471393325,1.3585421972138e-12
"R.ENT","R.midT",0.140019874369538,1.14321681950394e-05
"R.ENT","L.postCEN",-0.0678472542686623,0.0341536153832436
"R.ENT","R.latO",0.128508015435136,5.71667786744032e-05
"R.ENT","R.parOP",-0.125332169593223,8.71060966667752e-05
"R.ENT","L.paraCEN",-0.185140782450919,5.74475096833806e-09
"R.ENT","R.parsTRI",-0.293106429446387,9.05605784376168e-21
"R.ENT","R.medorbF",-0.22304552931285,1.86008375791783e-12
"R.ENT","R.CN",0.0355374939560185,0.267609430861969
"R.ENT","L.INS",0.257702538577563,2.96110509195332e-16
"L.CN","L.cauantCG",0.268863970687597,1.3159713237637e-17
"L.CN","L.parsORB",0.0996804462929463,0.00183140573849553
"L.CN","R.parsORB",0.0382444713798039,0.232834982677495
"L.CN","L.preCN",0.471941312108158,3.13296382301496e-55
"L.CN","R.ENT",0.0674849322704999,0.0351249119597169
"L.CN","L.CN",0.574192777181075,1.34469995529219e-86
"L.CN","R.periCAL",0.445280172375178,1.16379226369742e-48
"L.CN","L.rosantCG",0.228710151789355,4.88974020482118e-13
"L.CN","L.caumidF",0.0910964789352806,0.00441668426340953
"L.CN","R.rosantCG",0.135043892308235,2.32935187975383e-05
"L.CN","L.latO",0.535683015347638,1.65490073902638e-73
"L.CN","L.FUS",0.392616471399558,2.75540465328505e-37
"L.CN","R.LG",0.504456209491791,4.53123561037753e-64
"L.CN","R.postCEN",0.333126385720192,1.06842395194075e-26
"L.CN","L.periCAL",0.460033587529639,3.1789644708672e-52
"L.CN","L.SM",0.215351308838896,1.07859040498316e-11
"L.CN","L.parOP",0.176213408947345,3.0490212676051e-08
"L.CN","L.supP",0.39149297192312,4.58510905858716e-37
"L.CN","R.posCG",0.286158801615901,7.85795193357154e-20
"L.CN","L.ENT",0.0925542923696879,0.00382176852500633
"L.CN","R.FUS",0.374271622051622,8.82914535028356e-34
"L.CN","R.supP",0.35135926173566,1.04465354906982e-29
"L.CN","R.supT",0.247127052010519,4.94211656215954e-15
"L.CN","R.rosmidF",0.0549198288281214,0.0865351697470746
"L.CN","R.preCEN",0.277320528548851,1.12612872548109e-18
"L.CN","L.latorbF",0.219015901181367,4.70815017997963e-12
"L.CN","L.transT",0.375618582220217,4.96658557528435e-34
"L.CN","L.posCG",0.368874872442556,8.61492195978655e-33
"L.CN","R.transT",0.309436856969907,4.43793855171207e-23
"L.CN","R.preCN",0.413854297568755,1.2455977897595e-41
"L.CN","L.preCEN",0.278921912235771,7.00113672603544e-19
"L.CN","L.infP",0.365720414850621,3.19799270106451e-32
"L.CN","R.infP",0.331116334125567,2.23048286504903e-26
"L.CN","R.INS",0.391431638665236,4.71409887140173e-37
"L.CN","R.caumidF",0.12912656898371,5.26044122319848e-05
"L.CN","R.paraCEN",0.312862970801517,1.39230435455241e-23
"L.CN","L.infT",0.284063239916536,1.49016872153517e-19
"L.CN","R.supF",0.1016382738282,0.00148389174822353
"L.CN","L.paraH",0.252734661468083,1.1291861212933e-15
"L.CN","L.midT",0.192232501753149,1.43698278358559e-09
"L.CN","R.paraH",0.263488539796873,6.00487448853365e-17
"L.CN","L.isthCG",0.365562115395322,3.41425460799564e-32
"L.CN","L.parsTRI",0.117955333061382,0.000223090896177286
"L.CN","R.infT",0.259296148271153,1.91563294359126e-16
"L.CN","R.latorbF",0.116071758163458,0.000281262878418626
"L.CN","L.rosmidF",0.067314238275679,0.0355905985077281
"L.CN","L.supF",0.138897688999637,1.34514161969919e-05
"L.CN","R.cauantCG",0.182437225071522,9.60787331656027e-09
"L.CN","L.LG",0.516505474042654,1.35074511858559e-67
"L.CN","R.isthCG",0.348346471069192,3.38979692624455e-29
"L.CN","L.medorbF",0.153041465727914,1.57957100107397e-06
"L.CN","R.SM",0.26842999659732,1.48945323131915e-17
"L.CN","L.supT",0.25094937462149,1.81388128806998e-15
"L.CN","R.midT",0.178580425890118,1.97465770666209e-08
"L.CN","L.postCEN",0.319316387804948,1.50440916145557e-24
"L.CN","R.latO",0.460188103131714,2.91092481460341e-52
"L.CN","R.parOP",0.148472607891673,3.22511035172769e-06
"L.CN","L.paraCEN",0.366185874848907,2.63769339822166e-32
"L.CN","R.parsTRI",0.075730128930048,0.0180283194231436
"L.CN","R.medorbF",0.0929983964534318,0.00365555777269759
"L.CN","R.CN",0.554822071816335,8.45064107843413e-80
"L.CN","L.INS",0.323022451104606,4.08908844555872e-25
"R.periCAL","L.cauantCG",0.151278166279279,2.08575854979413e-06
"R.periCAL","L.parsORB",0.0636963784350027,0.0467689300081948
"R.periCAL","R.parsORB",0.0295786021083615,0.356211197237382
"R.periCAL","L.preCN",0.34225590152531,3.521451078392e-28
"R.periCAL","R.ENT",0.170221952549779,8.92106892455814e-08
"R.periCAL","L.CN",0.44809879046782,2.50326962341744e-49
"R.periCAL","R.periCAL",0.446909179014269,4.7966507726883e-49
"R.periCAL","L.rosantCG",0.156727025017946,8.74578542242943e-07
"R.periCAL","L.caumidF",0.0176097033644803,0.582868185705683
"R.periCAL","R.rosantCG",0.0437410902439753,0.172342259966295
"R.periCAL","L.latO",0.460855983327823,1.98816550565702e-52
"R.periCAL","L.FUS",0.346604770136498,6.65534804526437e-29
"R.periCAL","R.LG",0.506247986148539,1.38303412260586e-64
"R.periCAL","R.postCEN",0.223819233251021,1.55309160571965e-12
"R.periCAL","L.periCAL",0.450617267606698,6.26442504915483e-50
"R.periCAL","L.SM",0.123578430369677,0.000109451773404674
"R.periCAL","L.parOP",0.10746468532554,0.000776561340785314
"R.periCAL","L.supP",0.284029236441362,1.50565608154092e-19
"R.periCAL","R.posCG",0.22544296803752,1.06134313217455e-12
"R.periCAL","L.ENT",0.134725711948812,2.43578501930933e-05
"R.periCAL","R.FUS",0.361430147321107,1.85980976011708e-31
"R.periCAL","R.supP",0.267286704559303,2.06177247481292e-17
"R.periCAL","R.supT",0.175518880383929,3.4596986204189e-08
"R.periCAL","R.rosmidF",-0.0377972723907235,0.238347686891846
"R.periCAL","R.preCEN",0.127965183464922,6.14765621096339e-05
"R.periCAL","L.latorbF",0.172830712886305,5.61551820743973e-08
"R.periCAL","L.transT",0.328976196359139,4.85435659362589e-26
"R.periCAL","L.posCG",0.223824348077181,1.55123732668926e-12
"R.periCAL","R.transT",0.259160974350334,1.98795344080609e-16
"R.periCAL","R.preCN",0.350819342616023,1.29119936488032e-29
"R.periCAL","L.preCEN",0.162534548749752,3.35027549748385e-07
"R.periCAL","L.infP",0.275863386091374,1.73075752192624e-18
"R.periCAL","R.infP",0.25533487502628,5.62432552298861e-16
"R.periCAL","R.INS",0.295821409661736,3.82932337210341e-21
"R.periCAL","R.caumidF",-0.00525259977034247,0.869886144288425
"R.periCAL","R.paraCEN",0.237354816703195,5.93710014577312e-14
"R.periCAL","L.infT",0.229715889027671,3.84266741213828e-13
"R.periCAL","R.supF",-0.00206357231251383,0.948689602414624
"R.periCAL","L.paraH",0.211587064453444,2.48868906272033e-11
"R.periCAL","L.midT",0.125566282058398,8.44716905968525e-05
"R.periCAL","R.paraH",0.244571601958366,9.56852534079785e-15
"R.periCAL","L.isthCG",0.267277612622055,2.06709771028219e-17
"R.periCAL","L.parsTRI",0.0741794229778091,0.0205324851193827
"R.periCAL","R.infT",0.256834772875268,3.74887342205077e-16
"R.periCAL","R.latorbF",0.0948837565322185,0.00302057020088587
"R.periCAL","L.rosmidF",-0.000664852427591575,0.983458340089786
"R.periCAL","L.supF",0.0575627277850281,0.0724023725493964
"R.periCAL","R.cauantCG",0.0993520416600916,0.00189653152632076
"R.periCAL","L.LG",0.501587278146703,2.98589211077658e-63
"R.periCAL","R.isthCG",0.307076394119457,9.77678937053632e-23
"R.periCAL","L.medorbF",0.102308894244761,0.00137956189251248
"R.periCAL","R.SM",0.174755994069272,3.97252049223195e-08
"R.periCAL","L.supT",0.188047354556235,3.27649926656128e-09
"R.periCAL","R.midT",0.107766097760564,0.000750322531307422
"R.periCAL","L.postCEN",0.201011134548011,2.40019050916735e-10
"R.periCAL","R.latO",0.450828011568629,5.57581792700282e-50
"R.periCAL","R.parOP",0.0475018206894113,0.138292969078768
"R.periCAL","L.paraCEN",0.254352842135675,7.32477191910778e-16
"R.periCAL","R.parsTRI",0.0112398839074749,0.725943895840949
"R.periCAL","R.medorbF",0.0537051475027185,0.0937379736391856
"R.periCAL","R.CN",0.49955857963693,1.12052902568715e-62
"R.periCAL","L.INS",0.216742062473158,7.88837828398178e-12
"L.rosantCG","L.cauantCG",0.0689247497806068,0.0313994520470351
"L.rosantCG","L.parsORB",0.269552230149917,1.0808174152568e-17
"L.rosantCG","R.parsORB",0.307410733214771,8.7458287168358e-23
"L.rosantCG","L.preCN",0.0728192686375804,0.0229729954209263
"L.rosantCG","R.ENT",0.095043909021062,0.00297155576235103
"L.rosantCG","L.CN",-0.0489628414995527,0.126557384396762
"L.rosantCG","R.periCAL",-0.162157833099981,3.56914964280918e-07
"L.rosantCG","L.rosantCG",0.209173531528522,4.21933624868199e-11
"L.rosantCG","L.caumidF",0.02083422036908,0.515831548150606
"L.rosantCG","R.rosantCG",0.29389353140241,7.06284351099159e-21
"L.rosantCG","L.latO",-0.00316283074028822,0.921429734575876
"L.rosantCG","L.FUS",0.247983842111802,3.95345889275743e-15
"L.rosantCG","R.LG",0.00565222490750166,0.860085230740946
"L.rosantCG","R.postCEN",0.0311183154805346,0.331718765171
"L.rosantCG","L.periCAL",-0.179013033926399,1.82278422893959e-08
"L.rosantCG","L.SM",0.0903489317674927,0.00475318673174458
"L.rosantCG","L.parOP",0.142324665239621,8.15348336896471e-06
"L.rosantCG","L.supP",0.0376483347977844,0.24020392674342
"L.rosantCG","R.posCG",0.137081498751628,1.74560319927377e-05
"L.rosantCG","L.ENT",0.15655550709688,8.99248118945684e-07
"L.rosantCG","R.FUS",0.182939640645923,8.73720386332355e-09
"L.rosantCG","R.supP",0.00943014280529413,0.768693011599259
"L.rosantCG","R.supT",0.244598737140272,9.50200786075416e-15
"L.rosantCG","R.rosmidF",0.22844201865462,5.21318731084248e-13
"L.rosantCG","R.preCEN",-0.0117607977802647,0.713788803693468
"L.rosantCG","L.latorbF",0.277873837749562,9.55915766250175e-19
"L.rosantCG","L.transT",0.0453622260488337,0.156966886268606
"L.rosantCG","L.posCG",0.133184450317095,3.02007675452142e-05
"L.rosantCG","R.transT",0.0216772094501831,0.498988715309356
"L.rosantCG","R.preCN",0.0250156220338873,0.435253961237042
"L.rosantCG","L.preCEN",-0.0285367422146388,0.373413426766529
"L.rosantCG","L.infP",0.081759991597528,0.0106506472350127
"L.rosantCG","R.infP",0.0728472302363483,0.0229203963947464
"L.rosantCG","R.INS",0.208827531610127,4.54868715129022e-11
"L.rosantCG","R.caumidF",0.0741605789374847,0.0205646907022333
"L.rosantCG","R.paraCEN",0.00923057042607361,0.773453244799403
"L.rosantCG","L.infT",0.221279360404496,2.80071237298731e-12
"L.rosantCG","R.supF",0.199902148509526,3.02280257695587e-10
"L.rosantCG","L.paraH",0.208279819396583,5.12202706859271e-11
"L.rosantCG","L.midT",0.120752138492993,0.000157153066426529
"L.rosantCG","R.paraH",0.173709015406074,4.79755847631817e-08
"L.rosantCG","L.isthCG",0.0790431029453964,0.0135560322356586
"L.rosantCG","L.parsTRI",0.129200696700043,5.20813757169151e-05
"L.rosantCG","R.infT",0.197628911914701,4.82985266958825e-10
"L.rosantCG","R.latorbF",0.360216082864305,3.04597747096193e-31
"L.rosantCG","L.rosmidF",0.145291879699076,5.23584752667149e-06
"L.rosantCG","L.supF",0.143715072018978,6.63257108143854e-06
"L.rosantCG","R.cauantCG",0.116900890453039,0.000254096309274165
"L.rosantCG","L.LG",0.00183774102315862,0.954298348996145
"L.rosantCG","R.isthCG",0.0529935534961183,0.0981757558423917
"L.rosantCG","L.medorbF",0.305236434745334,1.80057381509777e-22
"L.rosantCG","R.SM",0.0678085462477372,0.034256276560614
"L.rosantCG","L.supT",0.191888420883233,1.5388131976201e-09
"L.rosantCG","R.midT",0.159518305413939,5.53825509196e-07
"L.rosantCG","L.postCEN",0.0274878362831193,0.391241333282108
"L.rosantCG","R.latO",-0.0342327356614237,0.285584300871674
"L.rosantCG","R.parOP",0.235342295707517,9.77320300755716e-14
"L.rosantCG","L.paraCEN",0.0256235396977772,0.42417467187214
"L.rosantCG","R.parsTRI",0.243172752410726,1.36939055743502e-14
"L.rosantCG","R.medorbF",0.368472717829364,1.01911912965849e-32
"L.rosantCG","R.CN",-0.0453723928597316,0.156873849943628
"L.rosantCG","L.INS",0.205542181698128,9.22590942638192e-11
"L.caumidF","L.cauantCG",0.0456851903009742,0.154031801645519
"L.caumidF","L.parsORB",0.306198152145707,1.30925206060118e-22
"L.caumidF","R.parsORB",0.264002756955858,5.20099190053465e-17
"L.caumidF","L.preCN",0.194146538762094,9.79595912901657e-10
"L.caumidF","R.ENT",0.0684935670444232,0.032477875078024
"L.caumidF","L.CN",-0.00320104160490968,0.920483634826638
"L.caumidF","R.periCAL",-0.0542141406573333,0.0906633652258503
"L.caumidF","L.rosantCG",0.0048261708681469,0.8803664444843
"L.caumidF","L.caumidF",0.539568647193604,9.41906523850593e-75
"L.caumidF","R.rosantCG",-0.0695175098474959,0.0299670760077492
"L.caumidF","L.latO",0.0953383520123694,0.00288332832962174
"L.caumidF","L.FUS",0.0618423463784895,0.053557614257653
"L.caumidF","R.LG",0.00687229385961725,0.830301761980561
"L.caumidF","R.postCEN",0.240396282296473,2.77101967900729e-14
"L.caumidF","L.periCAL",-0.0194708131728649,0.543682628969315
"L.caumidF","L.SM",0.342183956781528,3.61905796665692e-28
"L.caumidF","L.parOP",0.387617303775331,2.61663731816648e-36
"L.caumidF","L.supP",0.251826739586595,1.43764065983811e-15
"L.caumidF","R.posCG",0.109224294433631,0.000634600196920991
"L.caumidF","L.ENT",0.0309892594969327,0.333728942353137
"L.caumidF","R.FUS",0.0920590842022798,0.00401516769721513
"L.caumidF","R.supP",0.307875870360003,7.48804915838038e-23
"L.caumidF","R.supT",0.10183636230118,0.00145234325130558
"L.caumidF","R.rosmidF",0.270184162485936,9.01649030102182e-18
"L.caumidF","R.preCEN",0.287770383125434,4.78593486016446e-20
"L.caumidF","L.latorbF",0.193318315246168,1.1568048911171e-09
"L.caumidF","L.transT",0.0582101931610369,0.0692444116389414
"L.caumidF","L.posCG",0.0443460874722584,0.166477746059783
"L.caumidF","R.transT",0.0802908818136269,0.0121445620497427
"L.caumidF","R.preCN",0.266947143040411,2.27013075676334e-17
"L.caumidF","L.preCEN",0.365281424864249,3.83395720595554e-32
"L.caumidF","L.infP",0.223259748066662,1.76958903246904e-12
"L.caumidF","R.infP",0.331522533257726,1.92306283660368e-26
"L.caumidF","R.INS",-0.0124713447186174,0.697325568518452
"L.caumidF","R.caumidF",0.413366472841592,1.58030773815261e-41
"L.caumidF","R.paraCEN",0.301157964760662,6.86390233515438e-22
"L.caumidF","L.infT",0.185545838398051,5.31519666006067e-09
"L.caumidF","R.supF",0.397178913354666,3.41367471731367e-38
"L.caumidF","L.paraH",-0.0463042252405474,0.148522725171241
"L.caumidF","L.midT",0.168324805502757,1.24362621371291e-07
"L.caumidF","R.paraH",-0.00935614818326638,0.77045693856841
"L.caumidF","L.isthCG",0.0373484625536288,0.243972098155118
"L.caumidF","L.parsTRI",0.321300234974517,7.50775829895815e-25
"L.caumidF","R.infT",0.134264657329011,2.59823809316601e-05
"L.caumidF","R.latorbF",0.260519070200635,1.3686250669494e-16
"L.caumidF","L.rosmidF",0.439500505038989,2.59938153660567e-47
"L.caumidF","L.supF",0.507022874027707,8.26026023478849e-65
"L.caumidF","R.cauantCG",0.0453253167951408,0.157304993308617
"L.caumidF","L.LG",0.0236365215540117,0.460996863698411
"L.caumidF","R.isthCG",0.0540398887515946,0.0917066971120044
"L.caumidF","L.medorbF",0.128350059315344,5.83904492977091e-05
"L.caumidF","R.SM",0.344819341484782,1.32315178162545e-28
"L.caumidF","L.supT",0.133397617538193,2.93199700163612e-05
"L.caumidF","R.midT",0.143232119625308,7.12722146931831e-06
"L.caumidF","L.postCEN",0.279533389915672,5.83431754444613e-19
"L.caumidF","R.latO",0.14656045084017,4.32099416340429e-06
"L.caumidF","R.parOP",0.209683520061715,3.77596531695919e-11
"L.caumidF","L.paraCEN",0.264012517383136,5.18680710218516e-17
"L.caumidF","R.parsTRI",0.2208693150175,3.0783471499851e-12
"L.caumidF","R.medorbF",0.0438874148509157,0.17090991619394
"L.caumidF","R.CN",0.0172187498160264,0.591263889188464
"L.caumidF","L.INS",0.0435384060334558,0.174341081744754
"R.rosantCG","L.cauantCG",-0.0396270061317923,0.216365216033955
"R.rosantCG","L.parsORB",0.273254504159041,3.71208079372925e-18
"R.rosantCG","R.parsORB",0.317518824962242,2.81143645209672e-24
"R.rosantCG","L.preCN",0.0415504641510176,0.194869281426234
"R.rosantCG","R.ENT",0.141621527590368,9.0441369175952e-06
"R.rosantCG","L.CN",-0.116750183868457,0.000258843972027252
"R.rosantCG","R.periCAL",-0.219833334784172,3.90541637996285e-12
"R.rosantCG","L.rosantCG",0.118600570704633,0.00020590589641331
"R.rosantCG","L.caumidF",0.0646808208521861,0.0434683292845927
"R.rosantCG","R.rosantCG",0.321603141310342,6.74872732772536e-25
"R.rosantCG","L.latO",-0.0328951663816533,0.304839123925672
"R.rosantCG","L.FUS",0.270598243726728,8.00471049915366e-18
"R.rosantCG","R.LG",-0.0454927525638027,0.155775610313721
"R.rosantCG","R.postCEN",0.0638564050421584,0.0462184869094362
"R.rosantCG","L.periCAL",-0.242298827507112,1.71117147996618e-14
"R.rosantCG","L.SM",0.154322941585739,1.28809259266718e-06
"R.rosantCG","L.parOP",0.213958664250859,1.47225774960492e-11
"R.rosantCG","L.supP",0.0246199032328553,0.442554643762428
"R.rosantCG","R.posCG",0.0463505507575553,0.148116574643417
"R.rosantCG","L.ENT",0.229360772660056,4.18447683415915e-13
"R.rosantCG","R.FUS",0.204970800252076,1.04208622702582e-10
"R.rosantCG","R.supP",-0.0177775585730633,0.579280623992409
"R.rosantCG","R.supT",0.383239921516973,1.81949242347644e-35
"R.rosantCG","R.rosmidF",0.207783888558457,5.70165740008679e-11
"R.rosantCG","R.preCEN",0.131628632496664,3.74325853215925e-05
"R.rosantCG","L.latorbF",0.254268112303207,7.49323737327555e-16
"R.rosantCG","L.transT",0.120045999354703,0.000171810425575584
"R.rosantCG","L.posCG",0.0332124689433887,0.300195388334281
"R.rosantCG","R.transT",0.0994205711461761,0.00188276865305158
"R.rosantCG","R.preCN",-0.0179190101894122,0.576265444058796
"R.rosantCG","L.preCEN",0.0939219534403089,0.00333074089391912
"R.rosantCG","L.infP",0.0922424211545174,0.00394255607593275
"R.rosantCG","R.infP",0.0692189202945967,0.0306814357680638
"R.rosantCG","R.INS",0.178337122708784,2.06538947210987e-08
"R.rosantCG","R.caumidF",0.0998718119146028,0.00179440873244422
"R.rosantCG","R.paraCEN",0.0491425282242206,0.1251691900017
"R.rosantCG","L.infT",0.292851078898067,9.81501136916321e-21
"R.rosantCG","R.supF",0.2020671806934,1.92454524653856e-10
"R.rosantCG","L.paraH",0.207033030467394,6.70304876110729e-11
"R.rosantCG","L.midT",0.256133190241588,4.53364488624804e-16
"R.rosantCG","R.paraH",0.154219798805674,1.30949642036181e-06
"R.rosantCG","L.isthCG",-0.0165429817030657,0.605905324248956
"R.rosantCG","L.parsTRI",0.16718265124855,1.51624937918535e-07
"R.rosantCG","R.infT",0.252986658703485,1.05579671362553e-15
"R.rosantCG","R.latorbF",0.305961881103228,1.41602080970084e-22
"R.rosantCG","L.rosmidF",0.0992891314321335,0.00190924703441104
"R.rosantCG","L.supF",0.114237964777894,0.000351286550262429
"R.rosantCG","R.cauantCG",0.101261479061056,0.00154564841552312
"R.rosantCG","L.LG",-0.0598388072321595,0.0617978858491969
"R.rosantCG","R.isthCG",-0.0389663722978845,0.224127634861576
"R.rosantCG","L.medorbF",0.205247246946116,9.82497301409858e-11
"R.rosantCG","R.SM",0.108151282306245,0.000717987375559988
"R.rosantCG","L.supT",0.333902634648873,8.02897716937413e-27
"R.rosantCG","R.midT",0.295514875505859,4.22210864250631e-21
"R.rosantCG","L.postCEN",0.0729893745702834,0.0226546184661911
"R.rosantCG","R.latO",-0.0860520899757849,0.00717701627983883
"R.rosantCG","R.parOP",0.288531021195011,3.78305645672525e-20
"R.rosantCG","L.paraCEN",0.0420421585398709,0.189634235283751
"R.rosantCG","R.parsTRI",0.295616414137195,4.0877824176734e-21
"R.rosantCG","R.medorbF",0.300027397876589,9.90922192522576e-22
"R.rosantCG","R.CN",-0.132757443513807,3.20412216984956e-05
"R.rosantCG","L.INS",0.199447753213107,3.32112259596192e-10
"L.latO","L.cauantCG",0.155603230236657,1.04885797060923e-06
"L.latO","L.parsORB",-0.0326304097718266,0.308750087603633
"L.latO","R.parsORB",-0.0533638596375134,0.0958459115392681
"L.latO","L.preCN",0.230511825856718,3.17293106924255e-13
"L.latO","R.ENT",0.0278690426648476,0.384703239089609
"L.latO","L.CN",0.357595051139184,8.77279087856792e-31
"L.latO","R.periCAL",0.308807091289786,5.48280132371076e-23
"L.latO","L.rosantCG",0.132101154616521,3.50786840604427e-05
"L.latO","L.caumidF",-0.0295454063736038,0.356751481448085
"L.latO","R.rosantCG",0.114074323630493,0.000358268947190847
"L.latO","L.latO",0.35775053529047,8.24146571443078e-31
"L.latO","L.FUS",0.214341869202292,1.35174282832816e-11
"L.latO","R.LG",0.34197122348646,3.92362206130729e-28
"L.latO","R.postCEN",0.0969305381486792,0.00244626963547501
"L.latO","L.periCAL",0.314728868359051,7.35801401107675e-24
"L.latO","L.SM",0.0340157045751589,0.288651465021174
"L.latO","L.parOP",0.0151357802234588,0.636901555939701
"L.latO","L.supP",0.179818858031615,1.56952135992708e-08
"L.latO","R.posCG",0.224717109199839,1.25871182937535e-12
"L.latO","L.ENT",0.039495096650988,0.217899501479605
"L.latO","R.FUS",0.191025497065047,1.82606550762429e-09
"L.latO","R.supP",0.148927946953578,3.00647874238877e-06
"L.latO","R.supT",0.0839401843818029,0.00873389715751409
"L.latO","R.rosmidF",-0.0134600374925561,0.674653920660308
"L.latO","R.preCEN",0.0247725314952463,0.439730528656847
"L.latO","L.latorbF",0.103493347073178,0.0012116361718741
"L.latO","L.transT",0.237873601655683,5.21735818759543e-14
"L.latO","L.posCG",0.206919276289093,6.86902620063045e-11
"L.latO","R.transT",0.186747541362443,4.21641480519178e-09
"L.latO","R.preCN",0.222753078472417,1.99098032187729e-12
"L.latO","L.preCEN",0.0541223621709333,0.0912116936398251
"L.latO","L.infP",0.179655314029227,1.6179925347348e-08
"L.latO","R.infP",0.128219843615238,5.94178006260746e-05
"L.latO","R.INS",0.2709756202013,7.18055070131071e-18
"L.latO","R.caumidF",-0.00373369886338827,0.907307354513291
"L.latO","R.paraCEN",0.0813133713408417,0.011086543393592
"L.latO","L.infT",0.171941998313356,6.579856088418e-08
"L.latO","R.supF",-0.0191520236659018,0.550300840459587
"L.latO","L.paraH",0.149069661049859,2.94138222881745e-06
"L.latO","L.midT",0.0839453322462188,0.00872976171168224
"L.latO","R.paraH",0.153893734400818,1.3794300512981e-06
"L.latO","L.isthCG",0.206335250122247,7.78641551661495e-11
"L.latO","L.parsTRI",-0.00448698690012975,0.888717592284392
"L.latO","R.infT",0.155500025159486,1.06643975846173e-06
"L.latO","R.latorbF",0.0293263982529443,0.360328902958997
"L.latO","L.rosmidF",-0.0150712594285249,0.63833863527124
"L.latO","L.supF",-0.0146084184783893,0.648687079018237
"L.latO","R.cauantCG",0.157901563892194,7.22308355856919e-07
"L.latO","L.LG",0.332628658677173,1.28267935428505e-26
"L.latO","R.isthCG",0.238646918264605,4.30074550475642e-14
"L.latO","L.medorbF",0.109389797540918,0.000622569702572873
"L.latO","R.SM",0.0682515644674413,0.0330969088375381
"L.latO","L.supT",0.109706216070155,0.000600156746115409
"L.latO","R.midT",0.0582076337067883,0.0692566691125652
"L.latO","L.postCEN",0.117640375209326,0.000231959297242009
"L.latO","R.latO",0.314381412889231,8.28870096360677e-24
"L.latO","R.parOP",0.010178592607868,0.750919649578464
"L.latO","L.paraCEN",0.10527686498096,0.000994052568622067
"L.latO","R.parsTRI",-0.0233911129190384,0.465665210795086
"L.latO","R.medorbF",0.0832649625661337,0.00929171354989998
"L.latO","R.CN",0.372012322154937,2.30344652310479e-33
"L.latO","L.INS",0.204550863533237,1.13941111838219e-10
"L.FUS","L.cauantCG",0.0252140552973585,0.431619312539445
"L.FUS","L.parsORB",0.0128211886877674,0.689271154579039
"L.FUS","R.parsORB",0.0293899573431178,0.359288379074349
"L.FUS","L.preCN",0.0976142528285722,0.00227789196917674
"L.FUS","R.ENT",0.233933500800866,1.38158027685094e-13
"L.FUS","L.CN",0.169378984598261,1.03447848740575e-07
"L.FUS","R.periCAL",0.111330737722504,0.000496433469727251
"L.FUS","L.rosantCG",0.173605419445291,4.8876777085983e-08
"L.FUS","L.caumidF",-0.148693381362988,3.11726958900751e-06
"L.FUS","R.rosantCG",0.07151644073909,0.025542655772686
"L.FUS","L.latO",0.196465732004558,6.12551390842337e-10
"L.FUS","L.FUS",0.365756084019563,3.15116993772333e-32
"L.FUS","R.LG",0.257502646030724,3.12670486456791e-16
"L.FUS","R.postCEN",0.0366208887550701,0.253286457786472
"L.FUS","L.periCAL",0.107046709307377,0.000814356480959936
"L.FUS","L.SM",-0.0197560161603016,0.537795393255543
"L.FUS","L.parOP",-0.00111488053566157,0.972265146498078
"L.FUS","L.supP",0.0475889813930704,0.137570155782039
"L.FUS","R.posCG",0.0620973826258406,0.0525776469056136
"L.FUS","L.ENT",0.253078195065332,1.03031729743792e-15
"L.FUS","R.FUS",0.342512447247705,3.19415180675715e-28
"L.FUS","R.supP",0.0414506235755328,0.195945085356327
"L.FUS","R.supT",0.226789120124408,7.72343286325114e-13
"L.FUS","R.rosmidF",-0.145854051018121,4.80964266788946e-06
"L.FUS","R.preCEN",-0.0473205098794454,0.139805914682361
"L.FUS","L.latorbF",0.104561770651744,0.0010765456721479
"L.FUS","L.transT",0.242359445085444,1.68497661843126e-14
"L.FUS","L.posCG",0.105092866903329,0.00101470111287489
"L.FUS","R.transT",0.176256664013919,3.02507023446059e-08
"L.FUS","R.preCN",0.0853347482734958,0.00767544889103204
"L.FUS","L.preCEN",-0.0193437827294468,0.546315092474517
"L.FUS","L.infP",0.055213112324958,0.0848646933128499
"L.FUS","R.infP",0.0520535762357217,0.104292883219637
"L.FUS","R.INS",0.30092082509385,7.41444396131089e-22
"L.FUS","R.caumidF",-0.164196373016663,2.52979486736988e-07
"L.FUS","R.paraCEN",-0.0323111276281633,0.313510367049025
"L.FUS","L.infT",0.294540904819022,5.7534999392239e-21
"L.FUS","R.supF",-0.136288692165178,1.95391517262434e-05
"L.FUS","L.paraH",0.319383946712375,1.46934437664851e-24
"L.FUS","L.midT",0.115038082036308,0.000318939029453184
"L.FUS","R.paraH",0.332244781339769,1.47651121513001e-26
"L.FUS","L.isthCG",0.113214352313747,0.000397142133134397
"L.FUS","L.parsTRI",-0.059207299773798,0.0646027633640348
"L.FUS","R.infT",0.31789673337833,2.46598354660514e-24
"L.FUS","R.latorbF",0.146076174630244,4.6505610676148e-06
"L.FUS","L.rosmidF",-0.146654747074658,4.25947590863595e-06
"L.FUS","L.supF",-0.0930725027319246,0.0036284705515739
"L.FUS","R.cauantCG",0.00083127097646268,0.979318646959445
"L.FUS","L.LG",0.215464547552227,1.0515462040801e-11
"L.FUS","R.isthCG",0.10765824672613,0.000759615343288489
"L.FUS","L.medorbF",0.0892710847010542,0.00527921145392665
"L.FUS","R.SM",0.0188094015876576,0.557457705522637
"L.FUS","L.supT",0.22898669691336,4.57676706378003e-13
"L.FUS","R.midT",0.182561501896237,9.38497798396634e-09
"L.FUS","L.postCEN",0.0440136073848275,0.169681806605772
"L.FUS","R.latO",0.199300705410604,3.42367030304024e-10
"L.FUS","R.parOP",0.0243991728888996,0.446657131204579
"L.FUS","L.paraCEN",-0.0104327559031207,0.74491342186253
"L.FUS","R.parsTRI",-0.0448265855446251,0.161927805161135
"L.FUS","R.medorbF",0.0623883410057293,0.0514779727705559
"L.FUS","R.CN",0.204186917873905,1.23089199973682e-10
"L.FUS","L.INS",0.224194389139309,1.42268669048908e-12
"R.LG","L.cauantCG",0.110210095219678,0.000566007653277069
"R.LG","L.parsORB",0.117682954715409,0.000230741351492631
"R.LG","R.parsORB",0.0852479510393034,0.00773781276403105
"R.LG","L.preCN",0.312995844065262,1.33068645167683e-23
"R.LG","R.ENT",0.365257671325267,3.87173805965212e-32
"R.LG","L.CN",0.362284159633427,1.3127956042635e-31
"R.LG","R.periCAL",0.298103752612578,1.84396728438046e-21
"R.LG","L.rosantCG",0.234636174857528,1.16282011799701e-13
"R.LG","L.caumidF",-0.0311564364163287,0.331126491253559
"R.LG","R.rosantCG",0.0736033577846781,0.0215371006199462
"R.LG","L.latO",0.420379733223778,4.96816036487827e-43
"R.LG","L.FUS",0.506271147884687,1.36191685330163e-64
"R.LG","R.LG",0.509586381673983,1.48717585037411e-65
"R.LG","R.postCEN",0.215528098005566,1.03666053809728e-11
"R.LG","L.periCAL",0.288698888908938,3.59139106605738e-20
"R.LG","L.SM",0.137683165475241,1.60180328922336e-05
"R.LG","L.parOP",0.156027297132952,9.79494838815045e-07
"R.LG","L.supP",0.256047207947043,4.64030717915877e-16
"R.LG","R.posCG",0.177783794998126,2.28703369343514e-08
"R.LG","L.ENT",0.339443581179544,1.01989711428789e-27
"R.LG","R.FUS",0.556957571561248,1.58221342318376e-80
"R.LG","R.supP",0.229521161382935,4.02655762745142e-13
"R.LG","R.supT",0.36629281972091,2.52339105920546e-32
"R.LG","R.rosmidF",-0.103173792590608,0.00125497938792485
"R.LG","R.preCEN",0.153363695430558,1.50082592434768e-06
"R.LG","L.latorbF",0.26094097368737,1.21822458555397e-16
"R.LG","L.transT",0.414384743905696,9.61145283206845e-42
"R.LG","L.posCG",0.216739584804191,7.8927910611436e-12
"R.LG","R.transT",0.322041121141432,5.78360799264521e-25
"R.LG","R.preCN",0.298910367238606,1.42202133648591e-21
"R.LG","L.preCEN",0.196254438622309,6.39474123581677e-10
"R.LG","L.infP",0.264591103116354,4.41065202107308e-17
"R.LG","R.infP",0.263912551677581,5.33390816142615e-17
"R.LG","R.INS",0.43408670912397,4.51916812863812e-46
"R.LG","R.caumidF",-0.0490075549322478,0.126210831136617
"R.LG","R.paraCEN",0.197391672278875,5.07031829704851e-10
"R.LG","L.infT",0.375661029833242,4.87713453261572e-34
"R.LG","R.supF",-0.0314113024586176,0.327184269806136
"R.LG","L.paraH",0.340459458011509,6.95469808914008e-28
"R.LG","L.midT",0.22892211670666,4.64804812195455e-13
"R.LG","R.paraH",0.400772567357697,6.4384809238976e-39
"R.LG","L.isthCG",0.246396131962051,5.97470745783988e-15
"R.LG","L.parsTRI",0.0597257102893471,0.0622926815481474
"R.LG","R.infT",0.452940860668838,1.72710743386645e-50
"R.LG","R.latorbF",0.215087533366,1.14425176552395e-11
"R.LG","L.rosmidF",-0.0624275191344633,0.0513313783548236
"R.LG","L.supF",0.050496462692232,0.115087073391231
"R.LG","R.cauantCG",0.0432558728646228,0.177156123763272
"R.LG","L.LG",0.482662230357382,4.85130024253889e-58
"R.LG","R.isthCG",0.252742839978354,1.12672735260351e-15
"R.LG","L.medorbF",0.174714186357695,4.00265537867057e-08
"R.LG","R.SM",0.190257376591013,2.12515941845931e-09
"R.LG","L.supT",0.378060089759084,1.73838942407059e-34
"R.LG","R.midT",0.293215592394028,8.7495649380713e-21
"R.LG","L.postCEN",0.224411470951154,1.35219351673857e-12
"R.LG","R.latO",0.42945689783199,4.98841885531621e-45
"R.LG","R.parOP",0.125768483851224,8.22570480682624e-05
"R.LG","L.paraCEN",0.226781724966542,7.73697406190151e-13
"R.LG","R.parsTRI",0.0325950034664462,0.309275606734705
"R.LG","R.medorbF",0.0780382879203242,0.0147958976841727
"R.LG","R.CN",0.409638313097727,9.61768907479979e-41
"R.LG","L.INS",0.34204699174753,3.81234208400466e-28
"R.postCEN","L.cauantCG",0.0560109690747926,0.0804517701541057
"R.postCEN","L.parsORB",0.253846122321189,8.3907101972062e-16
"R.postCEN","R.parsORB",0.199820552166245,3.07437533982828e-10
"R.postCEN","L.preCN",0.315617115918299,5.42269179878185e-24
"R.postCEN","R.ENT",0.380171894877791,6.96075619732071e-35
"R.postCEN","L.CN",0.167228760212755,1.50420434113186e-07
"R.postCEN","R.periCAL",0.0978270258474168,0.00222769721923021
"R.postCEN","L.rosantCG",0.195810896921919,6.99792012032477e-10
"R.postCEN","L.caumidF",0.260334820062994,1.43990784168574e-16
"R.postCEN","R.rosantCG",0.0274629424326391,0.391670619400771
"R.postCEN","L.latO",0.345127312322958,1.17562698831808e-28
"R.postCEN","L.FUS",0.46667605541615,6.91706773890613e-54
"R.postCEN","R.LG",0.256900061705399,3.68303852992535e-16
"R.postCEN","R.postCEN",0.477086040464641,1.44512382739651e-56
"R.postCEN","L.periCAL",0.0680340946990242,0.0336617628845531
"R.postCEN","L.SM",0.412398321041502,2.53148509195339e-41
"R.postCEN","L.parOP",0.378482272974849,1.44849285266446e-34
"R.postCEN","L.supP",0.361631329329871,1.71346185828954e-31
"R.postCEN","R.posCG",0.0731360495751172,0.0223831766050821
"R.postCEN","L.ENT",0.341558955674852,4.58791849140809e-28
"R.postCEN","R.FUS",0.488121360198796,1.64489501780477e-59
"R.postCEN","R.supP",0.367854237886601,1.31901703426401e-32
"R.postCEN","R.supT",0.536159974732838,1.16640922336816e-73
"R.postCEN","R.rosmidF",0.035413056264707,0.269289457324555
"R.postCEN","R.preCEN",0.410315431104617,6.93993231704932e-41
"R.postCEN","L.latorbF",0.296225026858041,3.3667070119569e-21
"R.postCEN","L.transT",0.398265714833511,2.06573833157713e-38
"R.postCEN","L.posCG",0.0839945512349779,0.00869031062884409
"R.postCEN","R.transT",0.36269864186941,1.10818982064066e-31
"R.postCEN","R.preCN",0.311825211534294,1.98118917439883e-23
"R.postCEN","L.preCEN",0.449256529392263,1.32607343151538e-49
"R.postCEN","L.infP",0.369254710409773,7.34906646489388e-33
"R.postCEN","R.infP",0.412040108005184,3.01244512677227e-41
"R.postCEN","R.INS",0.326833555510392,1.0509330646561e-25
"R.postCEN","R.caumidF",0.181804016907854,1.08257462412703e-08
"R.postCEN","R.paraCEN",0.359249316530819,4.50485046707737e-31
"R.postCEN","L.infT",0.521451545071086,4.3844066615286e-69
"R.postCEN","R.supF",0.142607374406934,7.8195229680532e-06
"R.postCEN","L.paraH",0.260853288835667,1.24807950997314e-16
"R.postCEN","L.midT",0.476938302968668,1.57975563704022e-56
"R.postCEN","R.paraH",0.315515911953539,5.61486583671271e-24
"R.postCEN","L.isthCG",0.094350633056282,0.00318908401319382
"R.postCEN","L.parsTRI",0.23720115996756,6.16839082395987e-14
"R.postCEN","R.infT",0.516076297402461,1.81381702008092e-67
"R.postCEN","R.latorbF",0.225920089644275,9.4848081838689e-13
"R.postCEN","L.rosmidF",0.152360662369447,1.75918699830842e-06
"R.postCEN","L.supF",0.253440712598133,9.35217183208111e-16
"R.postCEN","R.cauantCG",0.0224008060395588,0.484767455884771
"R.postCEN","L.LG",0.254404240553701,7.22439974150589e-16
"R.postCEN","R.isthCG",0.040116307620844,0.210741822703509
"R.postCEN","L.medorbF",0.135358304906191,2.2285297277582e-05
"R.postCEN","R.SM",0.481774863507918,8.36095795571861e-58
"R.postCEN","L.supT",0.556928441302352,1.61892269293706e-80
"R.postCEN","R.midT",0.483119003963195,3.66353860925144e-58
"R.postCEN","L.postCEN",0.458796714593813,6.42394835991674e-52
"R.postCEN","R.latO",0.361480655195308,1.82194315227248e-31
"R.postCEN","R.parOP",0.310858436232052,2.74847632719681e-23
"R.postCEN","L.paraCEN",0.350282980769318,1.59305541022556e-29
"R.postCEN","R.parsTRI",0.188714244773071,2.87680832850695e-09
"R.postCEN","R.medorbF",-0.0201714128018882,0.529278228847575
"R.postCEN","R.CN",0.204484067884243,1.15568822703839e-10
"R.postCEN","L.INS",0.337510168606549,2.10528613964751e-27
"L.periCAL","L.cauantCG",0.170820539590753,8.02714322911833e-08
"L.periCAL","L.parsORB",0.0338891176333998,0.290450637952503
"L.periCAL","R.parsORB",0.0088641717264834,0.782214711854436
"L.periCAL","L.preCN",0.338221923246763,1.61323936231252e-27
"L.periCAL","R.ENT",0.0620395988286841,0.0527983576214844
"L.periCAL","L.CN",0.488344194921566,1.43080235467958e-59
"L.periCAL","R.periCAL",0.484936122061055,1.19372312373001e-58
"L.periCAL","L.rosantCG",0.149977535672758,2.55528977707569e-06
"L.periCAL","L.caumidF",-0.0394175849067209,0.218804702116912
"L.periCAL","R.rosantCG",0.0636405289770011,0.0469623272743842
"L.periCAL","L.latO",0.456283714022795,2.65875839344605e-51
"L.periCAL","L.FUS",0.292984488450746,9.41097314453561e-21
"L.periCAL","R.LG",0.488466003545881,1.3257373699469e-59
"L.periCAL","R.postCEN",0.206763836971676,7.10232933790357e-11
"L.periCAL","L.periCAL",0.465447693500392,1.41287181113342e-53
"L.periCAL","L.SM",0.0733003308611322,0.0220825080782721
"L.periCAL","L.parOP",0.0768446776877405,0.0163975069858702
"L.periCAL","L.supP",0.249974799937325,2.34583439506357e-15
"L.periCAL","R.posCG",0.220143559811574,3.63725194121264e-12
"L.periCAL","L.ENT",0.052000690371218,0.104645836549137
"L.periCAL","R.FUS",0.276108445327576,1.61036576421536e-18
"L.periCAL","R.supP",0.209488819241202,3.93958296323076e-11
"L.periCAL","R.supT",0.152726569148493,1.66034588990796e-06
"L.periCAL","R.rosmidF",0.000475386443906806,0.98817187773271
"L.periCAL","R.preCEN",0.157421228097095,7.81215321539477e-07
"L.periCAL","L.latorbF",0.170125013836152,9.07460934930371e-08
"L.periCAL","L.transT",0.325861042613888,1.48917203829721e-25
"L.periCAL","L.posCG",0.284544548562906,1.2870922518115e-19
"L.periCAL","R.transT",0.266928754505749,2.28198791404768e-17
"L.periCAL","R.preCN",0.297862948576967,1.99238315830685e-21
"L.periCAL","L.preCEN",0.15213751975811,1.82220926213923e-06
"L.periCAL","L.infP",0.239704453677264,3.29851726653915e-14
"L.periCAL","R.infP",0.197014475449673,5.47685362244949e-10
"L.periCAL","R.INS",0.293430608000605,8.17552123854372e-21
"L.periCAL","R.caumidF",0.0230353537670592,0.472479050275346
"L.periCAL","R.paraCEN",0.223653264651529,1.61445276238366e-12
"L.periCAL","L.infT",0.15313791386527,1.55559484550513e-06
"L.periCAL","R.supF",0.0245927077557407,0.44305893279092
"L.periCAL","L.paraH",0.184084813171596,7.02923918646308e-09
"L.periCAL","L.midT",0.0866058177696218,0.00681231999030811
"L.periCAL","R.paraH",0.19377057863522,1.05649262825974e-09
"L.periCAL","L.isthCG",0.319452434577428,1.43462274905242e-24
"L.periCAL","L.parsTRI",0.057274771386573,0.0738441971356906
"L.periCAL","R.infT",0.154606337696072,1.23099910419614e-06
"L.periCAL","R.latorbF",0.0745865986044837,0.0198472450428015
"L.periCAL","L.rosmidF",-0.0259023112425224,0.419149634605019
"L.periCAL","L.supF",0.045383752452351,0.156769947874978
"L.periCAL","R.cauantCG",0.134020592644453,2.6883476693481e-05
"L.periCAL","L.LG",0.498269841400142,2.58391406070258e-62
"L.periCAL","R.isthCG",0.316454525478611,4.06297553116703e-24
"L.periCAL","L.medorbF",0.0883789087442508,0.00575372816275251
"L.periCAL","R.SM",0.138038852642152,1.52217261582226e-05
"L.periCAL","L.supT",0.158739195221753,6.29657415474315e-07
"L.periCAL","R.midT",0.0669211919184751,0.0366829381648832
"L.periCAL","L.postCEN",0.16831038462933,1.24675283143831e-07
"L.periCAL","R.latO",0.366816078194178,2.03115757843233e-32
"L.periCAL","R.parOP",0.0604323373214865,0.0592541780624824
"L.periCAL","L.paraCEN",0.26869291050652,1.3818371045117e-17
"L.periCAL","R.parsTRI",0.0287811618799637,0.369332384473364
"L.periCAL","R.medorbF",0.0622055149965554,0.0521666938252631
"L.periCAL","R.CN",0.49635962526316,8.85667169135938e-62
"L.periCAL","L.INS",0.186927511814066,4.07214996054615e-09
"L.SM","L.cauantCG",0.0193424017055621,0.546343746174279
"L.SM","L.parsORB",0.383317908677874,1.75815483993452e-35
"L.SM","R.parsORB",0.361122290417991,2.10807839120438e-31
"L.SM","L.preCN",0.308706252202451,5.67132304643796e-23
"L.SM","R.ENT",0.189268100470199,2.58126492439388e-09
"L.SM","L.CN",0.0942151960223845,0.00323323522724767
"L.SM","R.periCAL",0.0132269280656476,0.679973766792619
"L.SM","L.rosantCG",0.138028310063451,1.52447769116812e-05
"L.SM","L.caumidF",0.460085179058528,3.08684570187685e-52
"L.SM","R.rosantCG",0.065594623944213,0.0405825695757068
"L.SM","L.latO",0.215963950044746,9.39980771799741e-12
"L.SM","L.FUS",0.292219243165054,1.19735271341585e-20
"L.SM","R.LG",0.127509851967736,6.53267207210905e-05
"L.SM","R.postCEN",0.414762914525876,7.9872570228144e-42
"L.SM","L.periCAL",-0.00901652243186038,0.778568221094504
"L.SM","L.SM",0.572211524959586,6.99587956650548e-86
"L.SM","L.parOP",0.524468667906805,5.26851602751982e-70
"L.SM","L.supP",0.370817226639799,3.81363406689706e-33
"L.SM","R.posCG",0.125376853533604,8.6597369795548e-05
"L.SM","L.ENT",0.174783383826124,3.95289724827207e-08
"L.SM","R.FUS",0.301012181798304,7.19736782552878e-22
"L.SM","R.supP",0.388262160433099,1.96151315611505e-36
"L.SM","R.supT",0.455786187270636,3.51721778595238e-51
"L.SM","R.rosmidF",0.32226244268662,5.34919544875577e-25
"L.SM","R.preCEN",0.395138156994264,8.72287610755384e-38
"L.SM","L.latorbF",0.305769609454273,1.50922069096033e-22
"L.SM","L.transT",0.249193364430612,2.88074944868149e-15
"L.SM","L.posCG",0.0523776642469849,0.102150537959144
"L.SM","R.transT",0.268929915876522,1.29141418320193e-17
"L.SM","R.preCN",0.337408192496167,2.18700947626634e-27
"L.SM","L.preCEN",0.428559416343319,7.91153756815726e-45
"L.SM","L.infP",0.446281924086896,6.75160634827162e-49
"L.SM","R.infP",0.455797334001551,3.49525514012045e-51
"L.SM","R.INS",0.168802736241102,1.14418551332593e-07
"L.SM","R.caumidF",0.366848655654951,2.0038745128505e-32
"L.SM","R.paraCEN",0.400972579990633,5.864093346693e-39
"L.SM","L.infT",0.470579533202683,7.01138845367363e-55
"L.SM","R.supF",0.361085791550815,2.13960949945988e-31
"L.SM","L.paraH",0.13210206262059,3.50742989460557e-05
"L.SM","L.midT",0.530637100017532,6.47439149133063e-72
"L.SM","R.paraH",0.134481047133114,2.52075175997087e-05
"L.SM","L.isthCG",0.0558344131106012,0.0814119090462501
"L.SM","L.parsTRI",0.436138663604221,1.54042108276238e-46
"L.SM","R.infT",0.397412568757938,3.06471792615846e-38
"L.SM","R.latorbF",0.295376507225811,4.41219886933425e-21
"L.SM","L.rosmidF",0.414454698905374,9.28807656309184e-42
"L.SM","L.supF",0.426121117688336,2.75040386766332e-44
"L.SM","R.cauantCG",0.0550050246829503,0.0860472037166421
"L.SM","L.LG",0.145302427365156,5.22752847484561e-06
"L.SM","R.isthCG",0.0539613521305504,0.0921800733353293
"L.SM","L.medorbF",0.241300560691429,2.20476389254886e-14
"L.SM","R.SM",0.552617406833091,4.70510308655167e-79
"L.SM","L.supT",0.496055591189083,1.07673530084377e-61
"L.SM","R.midT",0.488183424407344,1.58225266546619e-59
"L.SM","L.postCEN",0.447729609538397,3.06391118387511e-49
"L.SM","R.latO",0.226157403873036,8.96811841140007e-13
"L.SM","R.parOP",0.4064232108081,4.48263937210179e-40
"L.SM","L.paraCEN",0.34556624301002,9.9311260846607e-29
"L.SM","R.parsTRI",0.397938923668021,2.40300953886697e-38
"L.SM","R.medorbF",0.159271417419244,5.76849356944986e-07
"L.SM","R.CN",0.0964091087063591,0.00258224199810626
"L.SM","L.INS",0.266375455944202,2.66874673730559e-17
"L.parOP","L.cauantCG",-0.0804733806723923,0.0119494133634164
"L.parOP","L.parsORB",0.411199104577055,4.52812747847394e-41
"L.parOP","R.parsORB",0.400729258941102,6.57002513717265e-39
"L.parOP","L.preCN",0.238821147198036,4.11716781592339e-14
"L.parOP","R.ENT",0.359921393427158,3.43236898950787e-31
"L.parOP","L.CN",0.0445901925223764,0.16415441095214
"L.parOP","R.periCAL",-0.0170678464118537,0.594519311062544
"L.parOP","L.rosantCG",0.100116249233922,0.00174814901582336
"L.parOP","L.caumidF",0.323850072555361,3.04934292481954e-25
"L.parOP","R.rosantCG",0.0333511515818606,0.298180627470267
"L.parOP","L.latO",0.199800538414417,3.08715540821649e-10
"L.parOP","L.FUS",0.355473534046597,2.05048861248979e-30
"L.parOP","R.LG",0.180662682439663,1.34097030839671e-08
"L.parOP","R.postCEN",0.32177121823293,6.36084092182946e-25
"L.parOP","L.periCAL",-0.0378994514314316,0.237080070120493
"L.parOP","L.SM",0.436052945707324,1.61149747517907e-46
"L.parOP","L.parOP",0.518313903325712,3.882560543725e-68
"L.parOP","L.supP",0.302591848267686,4.29835708211597e-22
"L.parOP","R.posCG",0.0550839691778853,0.085597026459542
"L.parOP","L.ENT",0.337978310375426,1.76727261056294e-27
"L.parOP","R.FUS",0.393906674194939,1.53160830656708e-37
"L.parOP","R.supP",0.326353046822338,1.24863099703303e-25
"L.parOP","R.supT",0.547730660831217,2.02157081655403e-77
"L.parOP","R.rosmidF",0.23567170991298,9.01036903420757e-14
"L.parOP","R.preCEN",0.378801529762609,1.26160731877792e-34
"L.parOP","L.latorbF",0.423047351836259,1.30397956398621e-43
"L.parOP","L.transT",0.307095038714856,9.7162597545118e-23
"L.parOP","L.posCG",-0.00541928510821687,0.865795625847261
"L.parOP","R.transT",0.33037459164869,2.92251429957113e-26
"L.parOP","R.preCN",0.28445578237707,1.32237095242141e-19
"L.parOP","L.preCEN",0.410886690616623,5.2667349882623e-41
"L.parOP","L.infP",0.355145562273663,2.3367342528235e-30
"L.parOP","R.infP",0.369552185920035,6.48805143720979e-33
"L.parOP","R.INS",0.200192111738489,2.84626751232579e-10
"L.parOP","R.caumidF",0.256534051445179,4.06737074620127e-16
"L.parOP","R.paraCEN",0.373057220546751,1.47972520190995e-33
"L.parOP","L.infT",0.47956247596194,3.22572594926161e-57
"L.parOP","R.supF",0.307773798423453,7.74777016627538e-23
"L.parOP","L.paraH",0.230550246977284,3.14367724393055e-13
"L.parOP","L.midT",0.478242361773265,7.18569988289274e-57
"L.parOP","R.paraH",0.267485095180405,1.94888056329741e-17
"L.parOP","L.isthCG",0.0188523117525481,0.556558903268458
"L.parOP","L.parsTRI",0.411296632225483,4.31935229067465e-41
"L.parOP","R.infT",0.445309236363622,1.14558122413223e-48
"L.parOP","R.latorbF",0.422298206037379,1.9008125657622e-43
"L.parOP","L.rosmidF",0.320346292104917,1.04940070588917e-24
"L.parOP","L.supF",0.362482559537573,1.21056671824764e-31
"L.parOP","R.cauantCG",-0.0351344401207794,0.273077202098169
"L.parOP","L.LG",0.170106551384145,9.10414004863021e-08
"L.parOP","R.isthCG",-0.0389487665066708,0.224337186955602
"L.parOP","L.medorbF",0.269614754881899,1.06163055744374e-17
"L.parOP","R.SM",0.432310622564099,1.14038610764549e-45
"L.parOP","L.supT",0.547162472561557,3.11765916524067e-77
"L.parOP","R.midT",0.463199166744915,5.18355125544163e-53
"L.parOP","L.postCEN",0.35634740539588,1.44649688149749e-30
"L.parOP","R.latO",0.219857220194042,3.8840994842222e-12
"L.parOP","R.parOP",0.40425879480446,1.25153479707657e-39
"L.parOP","L.paraCEN",0.318492270334093,2.00491991721857e-24
"L.parOP","R.parsTRI",0.394580018002329,1.12614947136618e-37
"L.parOP","R.medorbF",0.180367442262266,1.41699999053399e-08
"L.parOP","R.CN",0.0725304820695706,0.0235223889960482
"L.parOP","L.INS",0.258907758901731,2.1307330723053e-16
"L.supP","L.cauantCG",0.110392292637137,0.000554110979543039
"L.supP","L.parsORB",0.238336441947418,4.64800747737414e-14
"L.supP","R.parsORB",0.184099532125463,7.00955211964682e-09
"L.supP","L.preCN",0.394773967006162,1.03055371014121e-37
"L.supP","R.ENT",0.11946943663703,0.000184720330752216
"L.supP","L.CN",0.284346657620727,1.36705046759002e-19
"L.supP","R.periCAL",0.161567415950477,3.94015590115786e-07
"L.supP","L.rosantCG",0.108460652598724,0.000692957880602051
"L.supP","L.caumidF",0.323233632771253,3.79446632557992e-25
"L.supP","R.rosantCG",-0.0139309859609004,0.663955913603525
"L.supP","L.latO",0.323295310874895,3.7124524300841e-25
"L.supP","L.FUS",0.298142863105052,1.8209156353676e-21
"L.supP","R.LG",0.246593898901795,5.67605932847272e-15
"L.supP","R.postCEN",0.296888336183143,2.72343668788736e-21
"L.supP","L.periCAL",0.207774476166755,5.71325558598708e-11
"L.supP","L.SM",0.295810387765334,3.84279975183619e-21
"L.supP","L.parOP",0.244268836529496,1.03424543423632e-14
"L.supP","L.supP",0.442664840669434,4.78109167655611e-48
"L.supP","R.posCG",0.18768219667903,3.51770764800122e-09
"L.supP","L.ENT",0.0942764608243122,0.00321319504357116
"L.supP","R.FUS",0.262176883329706,8.65167864258035e-17
"L.supP","R.supP",0.455805834368488,3.478598354012e-51
"L.supP","R.supT",0.155252996933183,1.10968060899074e-06
"L.supP","R.rosmidF",0.134578175445732,2.48668966531837e-05
"L.supP","R.preCEN",0.283091997716452,2.00101166600636e-19
"L.supP","L.latorbF",0.206032050687158,8.308796301295e-11
"L.supP","L.transT",0.204913404560326,1.05489309287226e-10
"L.supP","L.posCG",0.166416452708684,1.73057332134221e-07
"L.supP","R.transT",0.153334013361971,1.50791890284146e-06
"L.supP","R.preCN",0.399855985613226,9.87195306631984e-39
"L.supP","L.preCEN",0.333455419541871,9.466534491733e-27
"L.supP","L.infP",0.336154789784737,3.48846823598291e-27
"L.supP","R.infP",0.396299965357665,5.1174573666719e-38
"L.supP","R.INS",0.192331314177503,1.40897213769331e-09
"L.supP","R.caumidF",0.271383931502577,6.38289727792947e-18
"L.supP","R.paraCEN",0.343371141036138,2.30282942045808e-28
"L.supP","L.infT",0.284249740593781,1.40797852459149e-19
"L.supP","R.supF",0.24431732250974,1.02145035404612e-14
"L.supP","L.paraH",0.101098795063798,0.00157303571409224
"L.supP","L.midT",0.177166030806444,2.56173764580696e-08
"L.supP","R.paraH",0.161541788376312,3.95707359767329e-07
"L.supP","L.isthCG",0.207965304819645,5.48255233800606e-11
"L.supP","L.parsTRI",0.188169962641593,3.19917518093598e-09
"L.supP","R.infT",0.226719143157257,7.85250245283107e-13
"L.supP","R.latorbF",0.233219553267625,1.64509954799663e-13
"L.supP","L.rosmidF",0.250990689202676,1.7941696951028e-15
"L.supP","L.supF",0.332524045443446,1.33285407992402e-26
"L.supP","R.cauantCG",0.0850794398762668,0.00786018407919421
"L.supP","L.LG",0.260550320657121,1.35688440377888e-16
"L.supP","R.isthCG",0.207451505213256,6.12549293866739e-11
"L.supP","L.medorbF",0.126024690542209,7.95295613032124e-05
"L.supP","R.SM",0.327252252268543,9.04140918706021e-26
"L.supP","L.supT",0.186661726100096,4.28694148790779e-09
"L.supP","R.midT",0.151771149533146,1.9304071149596e-06
"L.supP","L.postCEN",0.341664207143605,4.40842382851542e-28
"L.supP","R.latO",0.354161707504106,3.45505468739766e-30
"L.supP","R.parOP",0.141836457782969,8.76248322503449e-06
"L.supP","L.paraCEN",0.362446805236143,1.22838804707685e-31
"L.supP","R.parsTRI",0.106241587788135,0.000892004694999896
"L.supP","R.medorbF",0.0617337078383951,0.0539796548379602
"L.supP","R.CN",0.288969373346515,3.30253507718713e-20
"L.supP","L.INS",0.140509019439314,1.06455483394533e-05
"R.posCG","L.cauantCG",0.129490696806777,5.00820709787606e-05
"R.posCG","L.parsORB",0.332552005560272,1.31925665694184e-26
"R.posCG","R.parsORB",0.315881731211933,4.95041777484004e-24
"R.posCG","L.preCN",0.308531928066153,6.01245740808523e-23
"R.posCG","R.ENT",0.159803564688767,5.2832435737254e-07
"R.posCG","L.CN",0.123066178339233,0.000116935378102747
"R.posCG","R.periCAL",-0.000695820891818943,0.982687956623906
"R.posCG","L.rosantCG",0.213817980917208,1.51908746194186e-11
"R.posCG","L.caumidF",0.218074374639222,5.83390850722993e-12
"R.posCG","R.rosantCG",0.195932546884126,6.82718269652202e-10
"R.posCG","L.latO",0.204572430443687,1.13420352845461e-10
"R.posCG","L.FUS",0.400710604633446,6.62750422176673e-39
"R.posCG","R.LG",0.211122973992727,2.75595163097267e-11
"R.posCG","R.postCEN",0.236141506055861,8.02259329215368e-14
"R.posCG","L.periCAL",-0.0123484181602472,0.700163852905892
"R.posCG","L.SM",0.30747795524039,8.55190926984312e-23
"R.posCG","L.parOP",0.339367637415287,1.04945051348936e-27
"R.posCG","L.supP",0.248279905413711,3.6592775359906e-15
"R.posCG","R.posCG",0.256928479798069,3.65473937393359e-16
"R.posCG","L.ENT",0.167353158136527,1.47216699032774e-07
"R.posCG","R.FUS",0.363883241959778,6.81890229810204e-32
"R.posCG","R.supP",0.227450287418917,6.60216448009331e-13
"R.posCG","R.supT",0.389070168113432,1.36578006459115e-36
"R.posCG","R.rosmidF",0.237420843867331,5.84034829296388e-14
"R.posCG","R.preCEN",0.221376955084678,2.73833449726856e-12
"R.posCG","L.latorbF",0.336775031426095,2.76952083603963e-27
"R.posCG","L.transT",0.239362814974233,3.59420650305214e-14
"R.posCG","L.posCG",0.235856680036311,8.60797350552299e-14
"R.posCG","R.transT",0.174823915634777,3.92403055482737e-08
"R.posCG","R.preCN",0.278913220913703,7.01927962697553e-19
"R.posCG","L.preCEN",0.231815254076581,2.31519963872599e-13
"R.posCG","L.infP",0.281042842633879,3.71265853415762e-19
"R.posCG","R.infP",0.270797192098993,7.55923804682523e-18
"R.posCG","R.INS",0.273789713725847,3.17633839634038e-18
"R.posCG","R.caumidF",0.202345068570328,1.81552206245597e-10
"R.posCG","R.paraCEN",0.255871110020651,4.86652461987941e-16
"R.posCG","L.infT",0.402947408076123,2.32282316097731e-39
"R.posCG","R.supF",0.289520600741299,2.78300154731138e-20
"R.posCG","L.paraH",0.209117793416694,4.27077162555165e-11
"R.posCG","L.midT",0.314544542442265,7.8380825732293e-24
"R.posCG","R.paraH",0.220357445346894,3.46295204715273e-12
"R.posCG","L.isthCG",0.183380363982346,8.03689957108479e-09
"R.posCG","L.parsTRI",0.279141139168639,6.5584967033875e-19
"R.posCG","R.infT",0.363270463088013,8.76841152603904e-32
"R.posCG","R.latorbF",0.354994181030745,2.48188535240344e-30
"R.posCG","L.rosmidF",0.249295583243613,2.80448910282967e-15
"R.posCG","L.supF",0.304174065336028,2.55671808009897e-22
"R.posCG","R.cauantCG",0.109159807030925,0.000639345999477914
"R.posCG","L.LG",0.189964178859617,2.25146314033706e-09
"R.posCG","R.isthCG",0.1296593747094,4.89528216572816e-05
"R.posCG","L.medorbF",0.28031598552303,4.61704749733447e-19
"R.posCG","R.SM",0.284913334596762,1.15020342597063e-19
"R.posCG","L.supT",0.361775490337763,1.61567172592479e-31
"R.posCG","R.midT",0.343270746046516,2.39275238179421e-28
"R.posCG","L.postCEN",0.267529983745054,1.92419461968861e-17
"R.posCG","R.latO",0.188594666432533,2.94480601172786e-09
"R.posCG","R.parOP",0.325627210316965,1.61904311287069e-25
"R.posCG","L.paraCEN",0.264261507477382,4.83755977624927e-17
"R.posCG","R.parsTRI",0.299588707259618,1.142161851998e-21
"R.posCG","R.medorbF",0.28601222415102,8.21913315920538e-20
"R.posCG","R.CN",0.129560533763017,4.96115744837466e-05
"R.posCG","L.INS",0.322205132721669,5.4584844737083e-25
"L.ENT","L.cauantCG",0.0504864207175848,0.115159430258929
"L.ENT","L.parsORB",-0.128315027152159,5.8665175528666e-05
"L.ENT","R.parsORB",-0.174596385265343,4.08876132369208e-08
"L.ENT","L.preCN",-0.0842403088802894,0.00849569622123848
"L.ENT","R.ENT",0.337246068368409,2.32344752439991e-27
"L.ENT","L.CN",-0.036986257285756,0.248578568287046
"L.ENT","R.periCAL",-0.0666736947745057,0.0373853024559325
"L.ENT","L.rosantCG",0.18697507934104,4.03482836891955e-09
"L.ENT","L.caumidF",-0.262073107332505,8.90451791766369e-17
"L.ENT","R.rosantCG",0.0954027832636832,0.00286434328334171
"L.ENT","L.latO",0.0953815002732034,0.00287060180124585
"L.ENT","L.FUS",0.351486775653918,9.93603997146424e-30
"L.ENT","R.LG",0.0469173543445261,0.143215586678502
"L.ENT","R.postCEN",-0.032962326828161,0.303852278084026
"L.ENT","L.periCAL",-0.0988549556122262,0.00199915670644693
"L.ENT","L.SM",-0.0995078074686898,0.00186538138345191
"L.ENT","L.parOP",-0.110362735396252,0.000556024997422305
"L.ENT","L.supP",-0.0949096366064972,0.00301260008862785
"L.ENT","R.posCG",-0.102516290167315,0.00134869114322643
"L.ENT","L.ENT",0.384536772778512,1.02746546349362e-35
"L.ENT","R.FUS",0.335370949200909,4.6663289268811e-27
"L.ENT","R.supP",-0.107142387968853,0.000805557400159981
"L.ENT","R.supT",0.229955346727155,3.62779719822853e-13
"L.ENT","R.rosmidF",-0.391576844872656,4.414368374369e-37
"L.ENT","R.preCEN",-0.0781780489917306,0.0146176757482542
"L.ENT","L.latorbF",-0.0716146640670396,0.0253406191251846
"L.ENT","L.transT",0.144229617080156,6.14170460440517e-06
"L.ENT","L.posCG",-0.0557976851241144,0.0816128035615684
"L.ENT","R.transT",0.0778721933380002,0.0150101838637322
"L.ENT","R.preCN",-0.130723208154423,4.23674166602204e-05
"L.ENT","L.preCEN",-0.0555871143224985,0.0827723466499528
"L.ENT","L.infP",-0.0691606890074796,0.0308224394884786
"L.ENT","R.infP",-0.0651382068077175,0.0420029843670679
"L.ENT","R.INS",0.316229165800298,4.39159883630204e-24
"L.ENT","R.caumidF",-0.312439558038464,1.60809232934734e-23
"L.ENT","R.paraCEN",-0.173971205614878,4.57660331361927e-08
"L.ENT","L.infT",0.255447180603733,5.45656526696559e-16
"L.ENT","R.supF",-0.361591590915861,1.74143460145755e-31
"L.ENT","L.paraH",0.273314896073066,3.64742927510199e-18
"L.ENT","L.midT",0.144339196710358,6.04174784595672e-06
"L.ENT","R.paraH",0.299785082924083,1.07183191574031e-21
"L.ENT","L.isthCG",-0.00438892449681468,0.891134357358246
"L.ENT","L.parsTRI",-0.227644116776935,6.30484794140016e-13
"L.ENT","R.infT",0.283854592846496,1.58773728563166e-19
"L.ENT","R.latorbF",-0.0861553125274423,0.007107733124152
"L.ENT","L.rosmidF",-0.345941449598906,8.59552325868297e-29
"L.ENT","L.supF",-0.302112826584161,5.02731020025249e-22
"L.ENT","R.cauantCG",0.00514964976424378,0.872414319468767
"L.ENT","L.LG",0.00591905033812117,0.853553129947986
"L.ENT","R.isthCG",-0.0394982133921774,0.217863159727697
"L.ENT","L.medorbF",-0.10795837088809,0.00073401662125687
"L.ENT","R.SM",-0.0632067969088097,0.048487253219264
"L.ENT","L.supT",0.257239369495419,3.35878827448964e-16
"L.ENT","R.midT",0.185805743259552,5.05618332444181e-09
"L.ENT","L.postCEN",-0.0387012071566551,0.227298565978791
"L.ENT","R.latO",0.120164046578385,0.000169273915307211
"L.ENT","R.parOP",-0.0836543454610103,0.00896628174385541
"L.ENT","L.paraCEN",-0.152711860510963,1.66421413988736e-06
"L.ENT","R.parsTRI",-0.233969248886698,1.36953567991765e-13
"L.ENT","R.medorbF",-0.187746486094771,3.47402402923175e-09
"L.ENT","R.CN",-0.00838409588806212,0.793736192437035
"L.ENT","L.INS",0.246713548206274,5.50255237872279e-15
"R.FUS","L.cauantCG",0.0571020850846704,0.0747200386740456
"R.FUS","L.parsORB",0.0281752004285312,0.379500919155511
"R.FUS","R.parsORB",0.0203659945591156,0.52531227770847
"R.FUS","L.preCN",0.179289582413547,1.73169861613803e-08
"R.FUS","R.ENT",0.354452469840273,3.07837971875155e-30
"R.FUS","L.CN",0.218979296199966,4.74764455359358e-12
"R.FUS","R.periCAL",0.175889316293364,3.23441396783793e-08
"R.FUS","L.rosantCG",0.227806096583585,6.06648516919471e-13
"R.FUS","L.caumidF",-0.087114330217979,0.00649214286879391
"R.FUS","R.rosantCG",0.0786229747134732,0.0140628309940338
"R.FUS","L.latO",0.287554531298631,5.11552745219652e-20
"R.FUS","L.FUS",0.425680622683037,3.44099610082604e-44
"R.FUS","R.LG",0.331263504622597,2.1138554907542e-26
"R.FUS","R.postCEN",0.133748377477575,2.79234873118412e-05
"R.FUS","L.periCAL",0.166766253267401,1.62932706163449e-07
"R.FUS","L.SM",0.056663808136847,0.0769810034919902
"R.FUS","L.parOP",0.0725882764240083,0.023411537467545
"R.FUS","L.supP",0.148657278388201,3.13466534229923e-06
"R.FUS","R.posCG",0.0674585146205763,0.0351966429959314
"R.FUS","L.ENT",0.339453425065142,1.0161272244795e-27
"R.FUS","R.FUS",0.473362215799263,1.34657369986658e-55
"R.FUS","R.supP",0.143433897183191,6.91641678923664e-06
"R.FUS","R.supT",0.306750196887149,1.08981494247945e-22
"R.FUS","R.rosmidF",-0.194345788912461,9.41080609771978e-10
"R.FUS","R.preCEN",0.0197191147731876,0.53855531772722
"R.FUS","L.latorbF",0.159226654125529,5.81121313249741e-07
"R.FUS","L.transT",0.308966107218524,5.19802849592106e-23
"R.FUS","L.posCG",0.113530384176684,0.000382420631328556
"R.FUS","R.transT",0.247730458963049,4.22360190190494e-15
"R.FUS","R.preCN",0.157223065172814,8.06840466668767e-07
"R.FUS","L.preCEN",0.0712952200535625,0.0260027890299436
"R.FUS","L.infP",0.140848020863655,1.01309531042771e-05
"R.FUS","R.infP",0.159685438991838,5.38744162077271e-07
"R.FUS","R.INS",0.383189927147953,1.8599253147323e-35
"R.FUS","R.caumidF",-0.151601393361598,1.9826045894251e-06
"R.FUS","R.paraCEN",0.0460692614881849,0.150595814417347
"R.FUS","L.infT",0.354108680421418,3.52851627534311e-30
"R.FUS","R.supF",-0.146950435928106,4.07195717977527e-06
"R.FUS","L.paraH",0.332556688055105,1.31699295240408e-26
"R.FUS","L.midT",0.187098793931934,3.93931137286613e-09
"R.FUS","R.paraH",0.386843035790649,3.6952467334508e-36
"R.FUS","L.isthCG",0.136299499035985,1.95092302590335e-05
"R.FUS","L.parsTRI",-0.0211690478931353,0.509106659561476
"R.FUS","R.infT",0.428665823496078,7.4910845561522e-45
"R.FUS","R.latorbF",0.152643216184324,1.68238168565161e-06
"R.FUS","L.rosmidF",-0.109793462130903,0.000594110034268016
"R.FUS","L.supF",-0.0369248641285921,0.24936533762183
"R.FUS","R.cauantCG",0.00630468180980743,0.844130363684956
"R.FUS","L.LG",0.30959212173108,4.21220112342814e-23
"R.FUS","R.isthCG",0.130137358482439,4.58823261834983e-05
"R.FUS","L.medorbF",0.131253670811933,3.9406230652291e-05
"R.FUS","R.SM",0.114274848347271,0.000349730415885299
"R.FUS","L.supT",0.322231611536155,5.40771803352836e-25
"R.FUS","R.midT",0.263732200020469,5.6097627013265e-17
"R.FUS","L.postCEN",0.138481820051479,1.4282639015783e-05
"R.FUS","R.latO",0.33276416274376,1.2204590584428e-26
"R.FUS","R.parOP",0.0514976927680981,0.108050300796879
"R.FUS","L.paraCEN",0.0686426292795597,0.032101529063477
"R.FUS","R.parsTRI",-0.0573760689173867,0.0733343415546914
"R.FUS","R.medorbF",0.00931530808448496,0.771431017273921
"R.FUS","R.CN",0.278960855686076,6.92040956682541e-19
"R.FUS","L.INS",0.314172723977251,8.90268785109866e-24
"R.supP","L.cauantCG",0.12237770292669,0.000127754489177831
"R.supP","L.parsORB",0.21080131920553,2.95744008952866e-11
"R.supP","R.parsORB",0.135810815417908,2.09067719195113e-05
"R.supP","L.preCN",0.392101375495334,3.48088614352752e-37
"R.supP","R.ENT",0.213164521514011,1.75640513769844e-11
"R.supP","L.CN",0.278792523264616,7.27607790116146e-19
"R.supP","R.periCAL",0.182543184806818,9.41751216926809e-09
"R.supP","L.rosantCG",0.142653812391519,7.76593050702794e-06
"R.supP","L.caumidF",0.326409708262675,1.22352752482002e-25
"R.supP","R.rosantCG",-0.065005819672374,0.0424227625826063
"R.supP","L.latO",0.379149432265856,1.0851082520484e-34
"R.supP","L.FUS",0.33601528325578,3.6740691450528e-27
"R.supP","R.LG",0.300415454390804,8.73741693633998e-22
"R.supP","R.postCEN",0.373544456908377,1.20314588161759e-33
"R.supP","L.periCAL",0.219027347674283,4.69586629633633e-12
"R.supP","L.SM",0.309961961054008,3.71920016712238e-23
"R.supP","L.parOP",0.262297007980789,8.36782555706888e-17
"R.supP","L.supP",0.451736187010326,3.37260744615597e-50
"R.supP","R.posCG",0.164524474201893,2.39251161190502e-07
"R.supP","L.ENT",0.173130361190183,5.32234985027737e-08
"R.supP","R.FUS",0.352720422277977,6.1120590029745e-30
"R.supP","R.supP",0.517203988569902,8.35257291181512e-68
"R.supP","R.supT",0.187280819245325,3.80275792084906e-09
"R.supP","R.rosmidF",0.0391054064339317,0.22247769492948
"R.supP","R.preCEN",0.297186203343861,2.47562886963245e-21
"R.supP","L.latorbF",0.199582665248093,3.22967606203713e-10
"R.supP","L.transT",0.243302125770759,1.32485994026142e-14
"R.supP","L.posCG",0.148510778168628,3.20621340525742e-06
"R.supP","R.transT",0.207482531010297,6.0846632190192e-11
"R.supP","R.preCN",0.423129415659716,1.25117167262247e-43
"R.supP","L.preCEN",0.373903534846742,1.03274684152088e-33
"R.supP","L.infP",0.338348133962619,1.53874445170603e-27
"R.supP","R.infP",0.464532625443699,2.40077730572423e-53
"R.supP","R.INS",0.217275800919788,6.99195501533823e-12
"R.supP","R.caumidF",0.232905840280878,1.77593494704191e-13
"R.supP","R.paraCEN",0.351596992749893,9.51476025221237e-30
"R.supP","L.infT",0.321769796819132,6.36402691602459e-25
"R.supP","R.supF",0.160027987836507,5.09060098185873e-07
"R.supP","L.paraH",0.116702416337209,0.000260366027020802
"R.supP","L.midT",0.205197462444862,9.9297717075895e-11
"R.supP","R.paraH",0.199186905938473,3.50514388923446e-10
"R.supP","L.isthCG",0.186351157427778,4.55188926007856e-09
"R.supP","L.parsTRI",0.168787789343572,1.14717563389655e-07
"R.supP","R.infT",0.308183707666396,6.75575619484465e-23
"R.supP","R.latorbF",0.202453001553074,1.77482197178212e-10
"R.supP","L.rosmidF",0.219304388127097,4.40794401512304e-12
"R.supP","L.supF",0.316515153221246,3.97879866599382e-24
"R.supP","R.cauantCG",0.0557286551974893,0.0819914696671854
"R.supP","L.LG",0.28531819461285,1.01643289471294e-19
"R.supP","R.isthCG",0.18697850319765,4.03215486519472e-09
"R.supP","L.medorbF",0.0992402648265111,0.0019191779167307
"R.supP","R.SM",0.391308904358323,4.98313201766948e-37
"R.supP","L.supT",0.228802641548414,4.7828006382766e-13
"R.supP","R.midT",0.200706379258949,2.55757664205985e-10
"R.supP","L.postCEN",0.379444158507877,9.54913135815084e-35
"R.supP","R.latO",0.451588153832192,3.66100929745701e-50
"R.supP","R.parOP",0.118778725437929,0.000201384456489041
"R.supP","L.paraCEN",0.371749244234229,2.57428874152884e-33
"R.supP","R.parsTRI",0.0453440809287524,0.157133035750442
"R.supP","R.medorbF",-0.0536035990350228,0.0943612634842157
"R.supP","R.CN",0.312256249762472,1.71147647987032e-23
"R.supP","L.INS",0.18837187798829,3.07568528131246e-09
"R.supT","L.cauantCG",0.00843656680180627,0.792474688074138
"R.supT","L.parsORB",0.241516977864804,2.08709450507333e-14
"R.supT","R.parsORB",0.220408839467429,3.42230409280014e-12
"R.supT","L.preCN",0.197292592521202,5.17416339449415e-10
"R.supT","R.ENT",0.427208359126041,1.57997721999908e-44
"R.supT","L.CN",0.0889117411551388,0.00546591724423708
"R.supT","R.periCAL",0.0129946705916971,0.685290036939409
"R.supT","L.rosantCG",0.233992190377545,1.36186034344974e-13
"R.supT","L.caumidF",0.0925402637573114,0.00382712885559674
"R.supT","R.rosantCG",0.120017864821039,0.000172420204504059
"R.supT","L.latO",0.243166022188298,1.37174692300421e-14
"R.supT","L.FUS",0.509938037464857,1.17414008312238e-65
"R.supT","R.LG",0.217006607389684,7.43084801108626e-12
"R.supT","R.postCEN",0.309850230559172,3.86179618445674e-23
"R.supT","L.periCAL",-0.027068843691541,0.398504681449109
"R.supT","L.SM",0.322208579874077,5.45184882837839e-25
"R.supT","L.parOP",0.321559412459119,6.85342297901173e-25
"R.supT","L.supP",0.235597704396367,9.17648566814246e-14
"R.supT","R.posCG",0.0317059215245127,0.322665233121214
"R.supT","L.ENT",0.420783658267106,4.06039696267023e-43
"R.supT","R.FUS",0.533203292401695,1.01089756413288e-72
"R.supT","R.supP",0.20444543674395,1.16520541022054e-10
"R.supT","R.supT",0.674336816152068,2.75329785074932e-130
"R.supT","R.rosmidF",-0.0123527842678938,0.700062970743005
"R.supT","R.preCEN",0.294861649289298,5.19670833866736e-21
"R.supT","L.latorbF",0.294894502419854,5.14277446074522e-21
"R.supT","L.transT",0.376133596110919,3.98300841183995e-34
"R.supT","L.posCG",0.0496675226776266,0.121181121472783
"R.supT","R.transT",0.344135881810306,1.71925521380127e-28
"R.supT","R.preCN",0.171126104538069,7.60484939934488e-08
"R.supT","L.preCEN",0.298750815872071,1.49711819441741e-21
"R.supT","L.infP",0.282198620144777,2.62153563536315e-19
"R.supT","R.infP",0.280244960782327,4.71629377348387e-19
"R.supT","R.INS",0.398675302059255,1.70863946900252e-38
"R.supT","R.caumidF",0.0477404151422267,0.136321254618372
"R.supT","R.paraCEN",0.221814565802424,2.4749581262077e-12
"R.supT","L.infT",0.55699739928988,1.53336109400373e-80
"R.supT","R.supF",0.0583675321491302,0.0684943094518906
"R.supT","L.paraH",0.345751920275731,9.24630200016924e-29
"R.supT","L.midT",0.523271586749126,1.22435534165855e-69
"R.supT","R.paraH",0.389369312099899,1.1941703496925e-36
"R.supT","L.isthCG",0.026964130365,0.400332500493883
"R.supT","L.parsTRI",0.184985387137029,5.91833858507154e-09
"R.supT","R.infT",0.571154458007441,1.67871563717298e-85
"R.supT","R.latorbF",0.249440192186496,2.69998319791821e-15
"R.supT","L.rosmidF",0.0413509592961586,0.197023317383958
"R.supT","L.supF",0.119577312017044,0.000182237661794689
"R.supT","R.cauantCG",-0.00666057506101988,0.835453925679799
"R.supT","L.LG",0.191212216443038,1.75979422454617e-09
"R.supT","R.isthCG",-0.0241192697767718,0.451890341955816
"R.supT","L.medorbF",0.177298025304605,2.50048121905736e-08
"R.supT","R.SM",0.351348217267094,1.04919555046071e-29
"R.supT","L.supT",0.644825949101679,1.07082574144957e-115
"R.supT","R.midT",0.559279020515607,2.52504085670232e-81
"R.supT","L.postCEN",0.311856438013824,1.96031219751406e-23
"R.supT","R.latO",0.249388365153653,2.73698969722402e-15
"R.supT","R.parOP",0.316263577232455,4.33976998766007e-24
"R.supT","L.paraCEN",0.205872643793201,8.59700422830186e-11
"R.supT","R.parsTRI",0.198617012599651,3.94243836793951e-10
"R.supT","R.medorbF",0.0653683644671442,0.0412815462622359
"R.supT","R.CN",0.109961629618834,0.000582614388166824
"R.supT","L.INS",0.401073863816459,5.59293552972521e-39
"R.rosmidF","L.cauantCG",0.000424819143334027,0.989429968293686
"R.rosmidF","L.parsORB",0.41753055684748,2.04602999671531e-42
"R.rosmidF","R.parsORB",0.465030596133627,1.7994481683882e-53
"R.rosmidF","L.preCN",0.1373039630048,1.69105860024546e-05
"R.rosmidF","R.ENT",-0.139462238969228,1.23964827554715e-05
"R.rosmidF","L.CN",0.0185543001724932,0.562815611470515
"R.rosmidF","R.periCAL",-0.0337569426800476,0.292337256955415
"R.rosmidF","L.rosantCG",0.0259190875443477,0.418848350352436
"R.rosmidF","L.caumidF",0.345096499953278,1.18962119791381e-28
"R.rosmidF","R.rosantCG",0.120245607410591,0.000167541987816539
"R.rosmidF","L.latO",-0.0358232175322683,0.263779157460573
"R.rosmidF","L.FUS",-0.0142286230019796,0.65722975063945
"R.rosmidF","R.LG",-0.0157617768057943,0.623030066356032
"R.rosmidF","R.postCEN",0.106578752396878,0.000858689138745459
"R.rosmidF","L.periCAL",-0.0212829832146642,0.506828812252746
"R.rosmidF","L.SM",0.266389348476209,2.65828825995684e-17
"R.rosmidF","L.parOP",0.290171789667614,2.2724154481905e-20
"R.rosmidF","L.supP",0.128030353269695,6.09433791747587e-05
"R.rosmidF","R.posCG",0.125473116399148,8.55109242982857e-05
"R.rosmidF","L.ENT",-0.0942155618441433,0.00323311522745415
"R.rosmidF","R.FUS",-0.0912409057916432,0.00435421254155802
"R.rosmidF","R.supP",0.125087954584546,8.99366646753217e-05
"R.rosmidF","R.supT",0.0795289868226842,0.0129900616741346
"R.rosmidF","R.rosmidF",0.585990924838692,5.76262669422311e-91
"R.rosmidF","R.preCEN",0.145353958690907,5.18706654396761e-06
"R.rosmidF","L.latorbF",0.295291804991785,4.53270763382994e-21
"R.rosmidF","L.transT",0.0321230078559442,0.316337564789071
"R.rosmidF","L.posCG",0.0801819189341434,0.0122624174414816
"R.rosmidF","R.transT",0.0344737259864252,0.282204397545967
"R.rosmidF","R.preCN",0.155167373229064,1.12505793542724e-06
"R.rosmidF","L.preCEN",0.121054623708106,0.000151241046708054
"R.rosmidF","L.infP",0.183148870329676,8.39765517393176e-09
"R.rosmidF","R.infP",0.187203072796923,3.86051014635549e-09
"R.rosmidF","R.INS",-0.0983440397589862,0.0021099185946082
"R.rosmidF","R.caumidF",0.392197762066275,3.33203564749743e-37
"R.rosmidF","R.paraCEN",0.189885260127373,2.2866881958425e-09
"R.rosmidF","L.infT",0.130872849589456,4.15113995285342e-05
"R.rosmidF","R.supF",0.515169911416294,3.37567771770181e-67
"R.rosmidF","L.paraH",-0.0587782347367607,0.0665676936067342
"R.rosmidF","L.midT",0.141056120734317,9.8269067982628e-06
"R.rosmidF","R.paraH",-0.0963912139451592,0.00258702854892709
"R.rosmidF","L.isthCG",0.0776566345801707,0.0152923531278722
"R.rosmidF","L.parsTRI",0.402270784101643,3.19241984212417e-39
"R.rosmidF","R.infT",-0.0338150745322537,0.291506493217785
"R.rosmidF","R.latorbF",0.404757009390734,9.88764440635429e-40
"R.rosmidF","L.rosmidF",0.502421482160825,1.72892813439855e-63
"R.rosmidF","L.supF",0.431601354684436,1.64785079177701e-45
"R.rosmidF","R.cauantCG",0.110280677521003,0.000561371040975819
"R.rosmidF","L.LG",0.013254334051922,0.679347496138224
"R.rosmidF","R.isthCG",0.0556708476198696,0.0823096686959007
"R.rosmidF","L.medorbF",0.294063986093097,6.69199156410534e-21
"R.rosmidF","R.SM",0.21700711056532,7.43000301047343e-12
"R.rosmidF","L.supT",0.0470478295102643,0.142105195415408
"R.rosmidF","R.midT",0.088047730719598,0.0059394205586803
"R.rosmidF","L.postCEN",0.114890365274566,0.000324693207952922
"R.rosmidF","R.latO",-0.0693117730042601,0.0304577423701853
"R.rosmidF","R.parOP",0.296290553523795,3.29699970807851e-21
"R.rosmidF","L.paraCEN",0.17310723784078,5.3444353954706e-08
"R.rosmidF","R.parsTRI",0.481414143202587,1.04268908741957e-57
"R.rosmidF","R.medorbF",0.414855047150707,7.63478028742378e-42
"R.rosmidF","R.CN",-0.0168631392651804,0.598948458314235
"R.rosmidF","L.INS",-0.00595853057562729,0.852587461642162
"R.preCEN","L.cauantCG",0.0849159048153193,0.00798059385123311
"R.preCEN","L.parsORB",0.30544116888661,1.68264945330172e-22
"R.preCEN","R.parsORB",0.242238490939624,1.73764202526438e-14
"R.preCEN","L.preCN",0.35549532400367,2.03275239954586e-30
"R.preCEN","R.ENT",0.355342210153544,2.16067549296928e-30
"R.preCEN","L.CN",0.186336913646108,4.56441478280696e-09
"R.preCEN","R.periCAL",0.120315080317027,0.000166079885580471
"R.preCEN","L.rosantCG",0.211921114937881,2.312169321887e-11
"R.preCEN","L.caumidF",0.30273754209801,4.09812362429522e-22
"R.preCEN","R.rosantCG",0.059661106428352,0.0625767869120438
"R.preCEN","L.latO",0.350357318938658,1.54737706348677e-29
"R.preCEN","L.FUS",0.476870298677806,1.64585047639963e-56
"R.preCEN","R.LG",0.278137646533856,8.8395599488038e-19
"R.preCEN","R.postCEN",0.39961006646574,1.10689377537319e-38
"R.preCEN","L.periCAL",0.085276909944511,0.00771695555488729
"R.preCEN","L.SM",0.421451365634101,2.90706486382376e-43
"R.preCEN","L.parOP",0.418895078912147,1.04052122330474e-42
"R.preCEN","L.supP",0.370358944159206,4.62444909635565e-33
"R.preCEN","R.posCG",0.124460934060336,9.76066342150312e-05
"R.preCEN","L.ENT",0.344984442660882,1.2419202388065e-28
"R.preCEN","R.FUS",0.492841622658707,8.38943225530901e-61
"R.preCEN","R.supP",0.360946292468974,2.26448901341506e-31
"R.preCEN","R.supT",0.542152601490678,1.371476835522e-75
"R.preCEN","R.rosmidF",0.0986021503824302,0.00205327884412925
"R.preCEN","R.preCEN",0.529418751002995,1.5548079202595e-71
"R.preCEN","L.latorbF",0.335513889258634,4.42550919060284e-27
"R.preCEN","L.transT",0.401917257998764,3.7683429901828e-39
"R.preCEN","L.posCG",0.135488052322634,2.18814461844707e-05
"R.preCEN","R.transT",0.377187339935285,2.53259322182929e-34
"R.preCEN","R.preCN",0.359542359442971,4.0015332437339e-31
"R.preCEN","L.preCEN",0.533224861590307,9.95174059293381e-73
"R.preCEN","L.infP",0.395415487999528,7.68171041720387e-38
"R.preCEN","R.infP",0.404579609653091,1.07536689684825e-39
"R.preCEN","R.INS",0.344028836449067,1.79113192232169e-28
"R.preCEN","R.caumidF",0.255327851418396,5.6349842541995e-16
"R.preCEN","R.paraCEN",0.427598015108934,1.29466007780132e-44
"R.preCEN","L.infT",0.516190101547275,1.67750723411383e-67
"R.preCEN","R.supF",0.242948302171349,1.4501607546239e-14
"R.preCEN","L.paraH",0.309860753744877,3.84813861068522e-23
"R.preCEN","L.midT",0.495036574358142,2.06935541439732e-61
"R.preCEN","R.paraH",0.347218543996662,5.2496418587782e-29
"R.preCEN","L.isthCG",0.137480151313535,1.64901490411831e-05
"R.preCEN","L.parsTRI",0.292906298386783,9.64573966154904e-21
"R.preCEN","R.infT",0.491276158224374,2.26255025273805e-60
"R.preCEN","R.latorbF",0.253488291136662,9.23395104541773e-16
"R.preCEN","L.rosmidF",0.190963394532596,1.84864054356417e-09
"R.preCEN","L.supF",0.324132983889783,2.75777273450713e-25
"R.preCEN","R.cauantCG",0.0490023045617407,0.126251486067162
"R.preCEN","L.LG",0.283882748658818,1.57421191514811e-19
"R.preCEN","R.isthCG",0.0804354795337181,0.0119897116854366
"R.preCEN","L.medorbF",0.150950309331118,2.19563823170051e-06
"R.preCEN","R.SM",0.466496528577453,7.6795233451156e-54
"R.preCEN","L.supT",0.551968037661949,7.78293922729982e-79
"R.preCEN","R.midT",0.476282153845747,2.34516294470703e-56
"R.preCEN","L.postCEN",0.412704925858527,2.18093331421899e-41
"R.preCEN","R.latO",0.338396404089663,1.51116284752543e-27
"R.preCEN","R.parOP",0.353437481546749,4.60359883691075e-30
"R.preCEN","L.paraCEN",0.414388512395484,9.59375099803372e-42
"R.preCEN","R.parsTRI",0.249300225838966,2.80107302460477e-15
"R.preCEN","R.medorbF",0.0239585320739455,0.454911153439706
"R.preCEN","R.CN",0.219421083976337,4.29190362070114e-12
"R.preCEN","L.INS",0.342744102051337,2.92459598733013e-28
"L.latorbF","L.cauantCG",-0.0746620387102057,0.0197224989139621
"L.latorbF","L.parsORB",0.333616114382602,8.92281601230962e-27
"L.latorbF","R.parsORB",0.333371067828729,9.76494034981055e-27
"L.latorbF","L.preCN",0.15278314790661,1.64554642314374e-06
"L.latorbF","R.ENT",0.34502726684276,1.22166991204917e-28
"L.latorbF","L.CN",0.0884327257022923,0.00572405155211971
"L.latorbF","R.periCAL",0.033008484198263,0.303175278357648
"L.latorbF","L.rosantCG",0.156882397476521,8.52793925468332e-07
"L.latorbF","L.caumidF",0.0475478431819968,0.13791094681005
"L.latorbF","R.rosantCG",0.115608801487952,0.000297590649694941
"L.latorbF","L.latO",0.118195895519519,0.000216532425960095
"L.latorbF","L.FUS",0.352458786793021,6.77673988987747e-30
"L.latorbF","R.LG",0.231222981100456,2.67230337064496e-13
"L.latorbF","R.postCEN",0.15023116227063,2.45642552019332e-06
"L.latorbF","L.periCAL",0.0135005610681974,0.67373076738549
"L.latorbF","L.SM",0.166883064864596,1.59680922510411e-07
"L.latorbF","L.parOP",0.233782767445093,1.43352006095328e-13
"L.latorbF","L.supP",0.141929170773305,8.64358957167734e-06
"L.latorbF","R.posCG",0.001856256368645,0.953838412985824
"L.latorbF","L.ENT",0.373048776043055,1.48503663430125e-33
"L.latorbF","R.FUS",0.357311300648198,9.83141058960465e-31
"L.latorbF","R.supP",0.15479135387648,1.19504548089828e-06
"L.latorbF","R.supT",0.399994530727734,9.25514493295528e-39
"L.latorbF","R.rosmidF",0.158094878019595,6.99827538394572e-07
"L.latorbF","R.preCEN",0.114695869062616,0.00033241766711082
"L.latorbF","L.latorbF",0.460269735398838,2.77851470238668e-52
"L.latorbF","L.transT",0.25559187352865,5.24766621915955e-16
"L.latorbF","L.posCG",-0.0288205331630075,0.368677606311151
"L.latorbF","R.transT",0.235210176627515,1.00966545278854e-13
"L.latorbF","R.preCN",0.153182756067987,1.54456680288327e-06
"L.latorbF","L.preCEN",0.117062661901659,0.000249090880851124
"L.latorbF","L.infP",0.175880325470107,3.23970961542256e-08
"L.latorbF","R.infP",0.183735760715598,7.51215926213348e-09
"L.latorbF","R.INS",0.253490730498394,9.22792961894263e-16
"L.latorbF","R.caumidF",0.0532753535664175,0.0963987040313521
"L.latorbF","R.paraCEN",0.149368617095785,2.8084565964193e-06
"L.latorbF","L.infT",0.395059162854657,9.04427155928686e-38
"L.latorbF","R.supF",0.147403983190148,3.79959792248553e-06
"L.latorbF","L.paraH",0.256144307813904,4.52003072051847e-16
"L.latorbF","L.midT",0.302691822972433,4.15994425710099e-22
"L.latorbF","R.paraH",0.289757383729625,2.58542771140081e-20
"L.latorbF","L.isthCG",-0.00894937507722869,0.780174788120192
"L.latorbF","L.parsTRI",0.220352331080853,3.4670227171664e-12
"L.latorbF","R.infT",0.367781423313544,1.35963786206472e-32
"L.latorbF","R.latorbF",0.47328262851482,1.411941583783e-55
"L.latorbF","L.rosmidF",0.153949635971897,1.36719094588852e-06
"L.latorbF","L.supF",0.142035108366752,8.50962130047183e-06
"L.latorbF","R.cauantCG",-0.0318739103841586,0.320106806857136
"L.latorbF","L.LG",0.203515128608527,1.41894410425138e-10
"L.latorbF","R.isthCG",-0.0137048808987427,0.669083723375179
"L.latorbF","L.medorbF",0.325431310030468,1.73642791369594e-25
"L.latorbF","R.SM",0.174976260090744,3.81734536186649e-08
"L.latorbF","L.supT",0.394928683737294,9.60107325247368e-38
"L.latorbF","R.midT",0.303228459196128,3.48891765903892e-22
"L.latorbF","L.postCEN",0.153462582838144,1.47742565328763e-06
"L.latorbF","R.latO",0.130178585566478,4.56262112773974e-05
"L.latorbF","R.parOP",0.255953618426678,4.75921366585257e-16
"L.latorbF","L.paraCEN",0.152246206766818,1.79124685160961e-06
"L.latorbF","R.parsTRI",0.251268051589207,1.66718450980785e-15
"L.latorbF","R.medorbF",0.278841951738579,7.16981169630874e-19
"L.latorbF","R.CN",0.109114513985648,0.000642698919788428
"L.latorbF","L.INS",0.258130444451872,2.63508329359358e-16
"L.transT","L.cauantCG",-0.0380024034926527,0.235807681972776
"L.transT","L.parsORB",0.204201974763217,1.22696906472376e-10
"L.transT","R.parsORB",0.180340030916585,1.42426735004846e-08
"L.transT","L.preCN",0.210383482397183,3.24078587167074e-11
"L.transT","R.ENT",0.36893733238609,8.39282742621007e-33
"L.transT","L.CN",0.131759444383529,3.67663675388639e-05
"L.transT","R.periCAL",0.080312973901727,0.0121207895894167
"L.transT","L.rosantCG",0.163687308546175,2.75795012571125e-07
"L.transT","L.caumidF",0.0884938923347368,0.0056904894703918
"L.transT","R.rosantCG",0.0763770506762145,0.0170652832547765
"L.transT","L.latO",0.280475329918394,4.40182152383653e-19
"L.transT","L.FUS",0.443271698100316,3.448362629149e-48
"L.transT","R.LG",0.263678013691273,5.69535384534292e-17
"L.transT","R.postCEN",0.293247323488246,8.66241200275004e-21
"L.transT","L.periCAL",0.0369740158392727,0.248735307091098
"L.transT","L.SM",0.286541220117441,6.98773368144458e-20
"L.transT","L.parOP",0.305070588037829,1.90205701919475e-22
"L.transT","L.supP",0.234279280374394,1.26930730570663e-13
"L.transT","R.posCG",0.0433168484675626,0.176545745622101
"L.transT","L.ENT",0.365913790738006,2.95216340311793e-32
"L.transT","R.FUS",0.458926714674024,5.96691817762202e-52
"L.transT","R.supP",0.232969265212586,1.74868542108411e-13
"L.transT","R.supT",0.560314899081044,1.10814175638432e-81
"L.transT","R.rosmidF",0.00633020388451989,0.843507510554073
"L.transT","R.preCEN",0.248072001104801,3.86351084225784e-15
"L.transT","L.latorbF",0.274380164263827,2.6734672491866e-18
"L.transT","L.transT",0.443410145895914,3.20034293496187e-48
"L.transT","L.posCG",0.0534482236048166,0.0953213512177815
"L.transT","R.transT",0.38978219827398,9.91928009846507e-37
"L.transT","R.preCN",0.201097158523643,2.35750133313546e-10
"L.transT","L.preCEN",0.25881440684611,2.18587863014896e-16
"L.transT","L.infP",0.276133133965782,1.59870471772607e-18
"L.transT","R.infP",0.267513426249014,1.93326415514951e-17
"L.transT","R.INS",0.351095717598342,1.1585419101104e-29
"L.transT","R.caumidF",0.03486243494959,0.276810011736799
"L.transT","R.paraCEN",0.217392803878693,6.80919790050257e-12
"L.transT","L.infT",0.461905682695181,1.09011380576769e-52
"L.transT","R.supF",0.0528285792997119,0.0992281595039292
"L.transT","L.paraH",0.301002518723019,7.22002839342593e-22
"L.transT","L.midT",0.412658831779856,2.23037790107011e-41
"L.transT","R.paraH",0.334750015706081,5.87218332037862e-27
"L.transT","L.isthCG",0.0574196483239104,0.0731158818818423
"L.transT","L.parsTRI",0.177257477463842,2.51914614382745e-08
"L.transT","R.infT",0.485262337103807,9.75361228078412e-59
"L.transT","R.latorbF",0.25299011203749,1.05482431459482e-15
"L.transT","L.rosmidF",0.0540708508737249,0.0915206110953161
"L.transT","L.supF",0.12865294069644,5.60654253315965e-05
"L.transT","R.cauantCG",-0.0290352181810695,0.365119911251927
"L.transT","L.LG",0.225747289895342,9.8792766680593e-13
"L.transT","R.isthCG",-0.00492051736372526,0.878045830642096
"L.transT","L.medorbF",0.191063068835189,1.81253816001201e-09
"L.transT","R.SM",0.318017540073183,2.36467492858081e-24
"L.transT","L.supT",0.571924512329134,8.87549057989006e-86
"L.transT","R.midT",0.428499814391106,8.15720488313153e-45
"L.transT","L.postCEN",0.294636423939992,5.58179534131716e-21
"L.transT","R.latO",0.281805467969665,2.95150941837599e-19
"L.transT","R.parOP",0.27866030130504,7.56803670505317e-19
"L.transT","L.paraCEN",0.175489832199732,3.47799333568711e-08
"L.transT","R.parsTRI",0.177039259759461,2.62193740660307e-08
"L.transT","R.medorbF",0.0848502588167459,0.00802939062388387
"L.transT","R.CN",0.162933120628772,3.13280306104012e-07
"L.transT","L.INS",0.362267017238908,1.32202012933468e-31
"L.posCG","L.cauantCG",0.163144380492087,3.02311809303127e-07
"L.posCG","L.parsORB",0.319336538941759,1.49386447170261e-24
"L.posCG","R.parsORB",0.313218704183568,1.23333597194537e-23
"L.posCG","L.preCN",0.355731823909616,1.84976319659683e-30
"L.posCG","R.ENT",0.145639280336508,4.96839758253963e-06
"L.posCG","L.CN",0.17776093864706,2.29666825195277e-08
"L.posCG","R.periCAL",0.00431298814622911,0.893006517162125
"L.posCG","L.rosantCG",0.262323968702087,8.30538884502845e-17
"L.posCG","L.caumidF",0.206491081877566,7.53055212113428e-11
"L.posCG","R.rosantCG",0.246740104077399,5.46475567532056e-15
"L.posCG","L.latO",0.237773766862642,5.34886238651859e-14
"L.posCG","L.FUS",0.42684044052166,1.90641211714724e-44
"L.posCG","R.LG",0.224409089848676,1.35294784947356e-12
"L.posCG","R.postCEN",0.254010500873604,8.02919625084967e-16
"L.posCG","L.periCAL",-0.004341988204771,0.892291469323167
"L.posCG","L.SM",0.299608036883423,1.13504160112537e-21
"L.posCG","L.parOP",0.354430905843595,3.10485992456748e-30
"L.posCG","L.supP",0.276345218360052,1.50190158522391e-18
"L.posCG","R.posCG",0.277209651615942,1.16367018744592e-18
"L.posCG","L.ENT",0.18362440590065,7.67288820131431e-09
"L.posCG","R.FUS",0.390568696538618,6.96073809830635e-37
"L.posCG","R.supP",0.225015484640507,1.17357114379756e-12
"L.posCG","R.supT",0.398482915423977,1.8680156366761e-38
"L.posCG","R.rosmidF",0.242576320703497,1.59444328814765e-14
"L.posCG","R.preCEN",0.25143680132963,1.59429488981863e-15
"L.posCG","L.latorbF",0.383662481670443,1.51079684067694e-35
"L.posCG","L.transT",0.268301527404218,1.54500065274742e-17
"L.posCG","L.posCG",0.279208001473891,6.42907334031801e-19
"L.posCG","R.transT",0.220095171796157,3.67785992526049e-12
"L.posCG","R.preCN",0.295691745855812,3.99086108166204e-21
"L.posCG","L.preCEN",0.256083798691151,4.59461735372141e-16
"L.posCG","L.infP",0.308780665268621,5.53159801897901e-23
"L.posCG","R.infP",0.282301062537639,2.5417103449205e-19
"L.posCG","R.INS",0.347487529752544,4.73042063605493e-29
"L.posCG","R.caumidF",0.205073837391666,1.0194749639606e-10
"L.posCG","R.paraCEN",0.274631160394316,2.48427887198442e-18
"L.posCG","L.infT",0.390827858592801,6.19264807743469e-37
"L.posCG","R.supF",0.30482449668429,2.06314418521206e-22
"L.posCG","L.paraH",0.250060158836564,2.29368714794355e-15
"L.posCG","L.midT",0.311380302752682,2.30364780476102e-23
"L.posCG","R.paraH",0.261578548418149,1.02129816412791e-16
"L.posCG","L.isthCG",0.195050870837264,8.16271656298539e-10
"L.posCG","L.parsTRI",0.271004007618472,7.1220517556469e-18
"L.posCG","R.infT",0.362983971714214,9.86044749875544e-32
"L.posCG","R.latorbF",0.352768812149705,5.99640466655476e-30
"L.posCG","L.rosmidF",0.23526544625528,9.96008599950844e-14
"L.posCG","L.supF",0.322083935711678,5.69693287294606e-25
"L.posCG","R.cauantCG",0.162161072333454,3.56721018245039e-07
"L.posCG","L.LG",0.210327761767451,3.28052124737533e-11
"L.posCG","R.isthCG",0.170125354882904,9.07406471684833e-08
"L.posCG","L.medorbF",0.288275589354154,4.0942291067182e-20
"L.posCG","R.SM",0.288038859195869,4.4051081574726e-20
"L.posCG","L.supT",0.371639929425098,2.69590882556994e-33
"L.posCG","R.midT",0.342608884188058,3.07907061220041e-28
"L.posCG","L.postCEN",0.280790963698946,4.00429637436664e-19
"L.posCG","R.latO",0.172776372549147,5.67033128403119e-08
"L.posCG","R.parOP",0.342412259443848,3.31822125830345e-28
"L.posCG","L.paraCEN",0.297039134367185,2.59506438503962e-21
"L.posCG","R.parsTRI",0.313218668171623,1.23335111935542e-23
"L.posCG","R.medorbF",0.300232861109667,9.27066913425198e-22
"L.posCG","R.CN",0.15544288968264,1.07629466625956e-06
"L.posCG","L.INS",0.368394798250996,1.05281487031877e-32
"R.transT","L.cauantCG",-0.0215502817754834,0.501505920638746
"R.transT","L.parsORB",0.16345913965856,2.86653629358689e-07
"R.transT","R.parsORB",0.114131463960924,0.000355816235461715
"R.transT","L.preCN",0.171242870522256,7.44921941833992e-08
"R.transT","R.ENT",0.413043180933694,1.84990335973518e-41
"R.transT","L.CN",0.114870535140326,0.000325473018066939
"R.transT","R.periCAL",0.051439752298594,0.108448021421288
"R.transT","L.rosantCG",0.180129286306366,1.48136069062142e-08
"R.transT","L.caumidF",0.0614515065052447,0.0550889210838157
"R.transT","R.rosantCG",0.0658391066711863,0.0398385825639128
"R.transT","L.latO",0.270909376753901,7.318909000871e-18
"R.transT","L.FUS",0.461810437472508,1.1513030007713e-52
"R.transT","R.LG",0.224998193962611,1.17834711040542e-12
"R.transT","R.postCEN",0.283964534444741,1.53556539074198e-19
"R.transT","L.periCAL",0.00806776992426613,0.801352601149114
"R.transT","L.SM",0.257886098212809,2.81665587347833e-16
"R.transT","L.parOP",0.2813687741069,3.36618775098236e-19
"R.transT","L.supP",0.217736943983505,6.29832669466356e-12
"R.transT","R.posCG",0.0301042916288035,0.347723976839656
"R.transT","L.ENT",0.420549491799418,4.56439147051377e-43
"R.transT","R.FUS",0.484016895628405,2.10682013839907e-58
"R.transT","R.supP",0.20468076705721,1.10839376864034e-10
"R.transT","R.supT",0.598458124493923,8.82395870352516e-96
"R.transT","R.rosmidF",-0.0692281779010798,0.0306590700352775
"R.transT","R.preCEN",0.243277101157517,1.33336102364656e-14
"R.transT","L.latorbF",0.241537389726574,2.0763199600462e-14
"R.transT","L.transT",0.408813281999787,1.4298923741072e-40
"R.transT","L.posCG",0.0280386354758716,0.381816111165494
"R.transT","R.transT",0.402122439693302,3.42259528370133e-39
"R.transT","R.preCN",0.148742958317729,3.0935321699879e-06
"R.transT","L.preCEN",0.251439938751144,1.59296983073403e-15
"R.transT","L.infP",0.249606476515075,2.58453997137677e-15
"R.transT","R.infP",0.249831419801867,2.436063423378e-15
"R.transT","R.INS",0.386521791719077,4.26303793165092e-36
"R.transT","R.caumidF",0.00261791015750346,0.934933392675161
"R.transT","R.paraCEN",0.189508546690362,2.46235363512825e-09
"R.transT","L.infT",0.479266765972811,3.86080091090287e-57
"R.transT","R.supF",-0.00381495482888426,0.90529948104046
"R.transT","L.paraH",0.322429548560685,5.04273520309433e-25
"R.transT","L.midT",0.405247185476858,7.83834470451636e-40
"R.transT","R.paraH",0.354347320975842,3.20965099220052e-30
"R.transT","L.isthCG",0.0187896630274202,0.557871388913537
"R.transT","L.parsTRI",0.122856783919449,0.000120131058950373
"R.transT","R.infT",0.505848850858398,1.80262392271213e-64
"R.transT","R.latorbF",0.201537238483701,2.15043602976527e-10
"R.transT","L.rosmidF",-0.00790203701566944,0.805350660615672
"R.transT","L.supF",0.074774958121378,0.0195370553774729
"R.transT","R.cauantCG",-0.0274193111647747,0.392423714161572
"R.transT","L.LG",0.203313983763589,1.48051092602667e-10
"R.transT","R.isthCG",-0.0268552005208668,0.402239249804739
"R.transT","L.medorbF",0.152468500683546,1.72948496973827e-06
"R.transT","R.SM",0.305205841338586,1.81888292341813e-22
"R.transT","L.supT",0.575514647874204,4.44680578751045e-87
"R.transT","R.midT",0.445503098101092,1.0311481146641e-48
"R.transT","L.postCEN",0.278743741386335,7.38247653810283e-19
"R.transT","R.latO",0.271789224282059,5.67766480836619e-18
"R.transT","R.parOP",0.244434871205326,9.91072241919681e-15
"R.transT","L.paraCEN",0.160438194670145,4.75582315367138e-07
"R.transT","R.parsTRI",0.12227068589385,0.000129518519215031
"R.transT","R.medorbF",0.0183510710976754,0.567101721039524
"R.transT","R.CN",0.149534966161245,2.73700482410367e-06
"R.transT","L.INS",0.391214276833609,5.20090915788077e-37
"R.preCN","L.cauantCG",0.281236380582563,3.50289917762411e-19
"R.preCN","L.parsORB",0.300521396756611,8.44203168448797e-22
"R.preCN","R.parsORB",0.259476556656709,1.82313214354588e-16
"R.preCN","L.preCN",0.551242431817708,1.36398927824869e-78
"R.preCN","R.ENT",0.13157109363849,3.77292369087516e-05
"R.preCN","L.CN",0.407612906175335,2.54115748818275e-40
"R.preCN","R.periCAL",0.228269247924564,5.43261474796815e-13
"R.preCN","L.rosantCG",0.294522791000067,5.78664465219914e-21
"R.preCN","L.caumidF",0.310819977669232,2.78443125755827e-23
"R.preCN","R.rosantCG",0.190273643251913,2.11835762967908e-09
"R.preCN","L.latO",0.471899874530747,3.21088118230034e-55
"R.preCN","L.FUS",0.464294265782391,2.75558114591074e-53
"R.preCN","R.LG",0.418925848787686,1.02473906670512e-42
"R.preCN","R.postCEN",0.389265779398663,1.25099490801491e-36
"R.preCN","L.periCAL",0.273516375212276,3.43966434013113e-18
"R.preCN","L.SM",0.358105827773584,7.14407938947766e-31
"R.preCN","L.parOP",0.327284381487869,8.93754083891114e-26
"R.preCN","L.supP",0.475826054270599,3.08477566208582e-56
"R.preCN","R.posCG",0.408319960390754,1.81158280853448e-40
"R.preCN","L.ENT",0.121845070400255,0.000136763588470425
"R.preCN","R.FUS",0.438830940405023,3.71084516872777e-47
"R.preCN","R.supP",0.489367964890202,7.52974356948604e-60
"R.preCN","R.supT",0.249198990173841,2.87649985475209e-15
"R.preCN","R.rosmidF",0.225627408960488,1.01623408702356e-12
"R.preCN","R.preCEN",0.306500442081466,1.18418129503718e-22
"R.preCN","L.latorbF",0.340217284531824,7.6203201929365e-28
"R.preCN","L.transT",0.283042480630499,2.03124676515726e-19
"R.preCN","L.posCG",0.3970543258508,3.61557950531656e-38
"R.preCN","R.transT",0.222823367037164,1.95871989089856e-12
"R.preCN","R.preCN",0.545316031958773,1.26689200058067e-76
"R.preCN","L.preCEN",0.332550214290942,1.32012364607864e-26
"R.preCN","L.infP",0.446090729171383,7.49204864073888e-49
"R.preCN","R.infP",0.491638252231295,1.79943866882081e-60
"R.preCN","R.INS",0.395893986594602,6.16723875966275e-38
"R.preCN","R.caumidF",0.284808150095097,1.18771085565226e-19
"R.preCN","R.paraCEN",0.409742213780673,9.14842417245534e-41
"R.preCN","L.infT",0.385712843133948,6.10564149570458e-36
"R.preCN","R.supF",0.295885310217275,3.75210744158668e-21
"R.preCN","L.paraH",0.188186964595187,3.18859376827015e-09
"R.preCN","L.midT",0.209719719990397,3.74628524183464e-11
"R.preCN","R.paraH",0.239710434873426,3.29355937086761e-14
"R.preCN","L.isthCG",0.360436857648421,2.78505121029349e-31
"R.preCN","L.parsTRI",0.255103448306424,5.98619008862303e-16
"R.preCN","R.infT",0.372930139711928,1.56168631830577e-33
"R.preCN","R.latorbF",0.340914547008936,5.85583649633706e-28
"R.preCN","L.rosmidF",0.302193205447143,4.89698451356245e-22
"R.preCN","L.supF",0.3806485005691,5.65643593944882e-35
"R.preCN","R.cauantCG",0.235677850328272,8.99671928465188e-14
"R.preCN","L.LG",0.418235831469089,1.44310409782965e-42
"R.preCN","R.isthCG",0.352314139520875,7.17445885843885e-30
"R.preCN","L.medorbF",0.292667138411181,1.04003042245897e-20
"R.preCN","R.SM",0.415709648149008,5.01983632971086e-42
"R.preCN","L.supT",0.243834241349962,1.15619204096204e-14
"R.preCN","R.midT",0.253186044213138,1.00107249175126e-15
"R.preCN","L.postCEN",0.401751251193899,4.0732781415487e-39
"R.preCN","R.latO",0.489329393418704,7.71438595574672e-60
"R.preCN","R.parOP",0.246982990235847,5.13068878366508e-15
"R.preCN","L.paraCEN",0.449958686278225,9.00935725469544e-50
"R.preCN","R.parsTRI",0.213583628536155,1.60035055619004e-11
"R.preCN","R.medorbF",0.212979689717625,1.82986592365203e-11
"R.preCN","R.CN",0.431923470273392,1.39431696464154e-45
"R.preCN","L.INS",0.344110574625343,1.73598573127448e-28
"L.preCEN","L.cauantCG",0.0531548237936503,0.0971556032662111
"L.preCEN","L.parsORB",0.321521568247614,6.94532553208762e-25
"L.preCEN","R.parsORB",0.25346022457972,9.30351042109786e-16
"L.preCEN","L.preCN",0.337356274862817,2.22981493552993e-27
"L.preCEN","R.ENT",0.359778982533374,3.63613263143107e-31
"L.preCEN","L.CN",0.142412482956599,8.04831478919502e-06
"L.preCEN","R.periCAL",0.0734919035944702,0.0217363262829962
"L.preCEN","L.rosantCG",0.1547881450768,1.19566035192275e-06
"L.preCEN","L.caumidF",0.379469547066373,9.44451103898957e-35
"L.preCEN","R.rosantCG",0.00562688201331542,0.860706149808541
"L.preCEN","L.latO",0.330812390328574,2.49188301438974e-26
"L.preCEN","L.FUS",0.42004357810202,5.87529677974247e-43
"L.preCEN","R.LG",0.230936532843195,2.86387297862499e-13
"L.preCEN","R.postCEN",0.404413745021077,1.16313346091317e-39
"L.preCEN","L.periCAL",0.0564607070760783,0.07804747007628
"L.preCEN","L.SM",0.453249214292123,1.45457732307232e-50
"L.preCEN","L.parOP",0.464054487899342,3.16506740058055e-53
"L.preCEN","L.supP",0.386446385218919,4.40839406722751e-36
"L.preCEN","R.posCG",0.10744621866523,0.000778196245337729
"L.preCEN","L.ENT",0.325245054998223,1.85582815054121e-25
"L.preCEN","R.FUS",0.440392267293621,1.61593505941814e-47
"L.preCEN","R.supP",0.394137948367003,1.3781973660812e-37
"L.preCEN","R.supT",0.496657642795279,7.31186180477949e-62
"L.preCEN","R.rosmidF",0.12238612490056,0.000127616628375265
"L.preCEN","R.preCEN",0.524207928126138,6.33257475335271e-70
"L.preCEN","L.latorbF",0.32740234925288,8.56619870259551e-26
"L.preCEN","L.transT",0.344592602299894,1.44334912418962e-28
"L.preCEN","L.posCG",0.096044528850592,0.00268137418271817
"L.preCEN","R.transT",0.33397242378747,7.82504750589736e-27
"L.preCEN","R.preCN",0.365513245764544,3.48390195848345e-32
"L.preCEN","L.preCEN",0.591326561340843,5.31679347346045e-93
"L.preCEN","L.infP",0.388375948881572,1.86413969660866e-36
"L.preCEN","R.infP",0.416467268975596,3.45785877933576e-42
"L.preCEN","R.INS",0.298381673321682,1.68621102924889e-21
"L.preCEN","R.caumidF",0.293381391863165,8.30354338205748e-21
"L.preCEN","R.paraCEN",0.458513834276439,7.54222248903546e-52
"L.preCEN","L.infT",0.499661545140835,1.04800982296568e-62
"L.preCEN","R.supF",0.267288491241555,2.06072758777168e-17
"L.preCEN","L.paraH",0.251681134730348,1.49428026786021e-15
"L.preCEN","L.midT",0.484418552275497,1.64404501241108e-58
"L.preCEN","R.paraH",0.288833468101554,3.44468307176562e-20
"L.preCEN","L.isthCG",0.102120937739363,0.00140809980049605
"L.preCEN","L.parsTRI",0.324513551325232,2.40863557332877e-25
"L.preCEN","R.infT",0.472573442745549,2.15288144664769e-55
"L.preCEN","R.latorbF",0.265850515828393,3.09506422870184e-17
"L.preCEN","L.rosmidF",0.248019974999911,3.91634647820234e-15
"L.preCEN","L.supF",0.365697143622437,3.22891188298281e-32
"L.preCEN","R.cauantCG",0.0184728207158467,0.564532141165917
"L.preCEN","L.LG",0.241935218039643,1.8769056032955e-14
"L.preCEN","R.isthCG",0.0610018195975585,0.0568957006180528
"L.preCEN","L.medorbF",0.158782079413673,6.25235610210445e-07
"L.preCEN","R.SM",0.478996888464131,4.5482298374175e-57
"L.preCEN","L.supT",0.528242208916456,3.61101479724912e-71
"L.preCEN","R.midT",0.449355953207273,1.25551201605163e-49
"L.preCEN","L.postCEN",0.448937451977595,1.58024332714941e-49
"L.preCEN","R.latO",0.341920971655556,3.99919454152954e-28
"L.preCEN","R.parOP",0.352649291949867,6.2860878968556e-30
"L.preCEN","L.paraCEN",0.418543519455211,1.23891097608813e-42
"L.preCEN","R.parsTRI",0.246119397827127,6.41867828620237e-15
"L.preCEN","R.medorbF",0.0221433412689382,0.489802288341225
"L.preCEN","R.CN",0.166703205141797,1.64714301239501e-07
"L.preCEN","L.INS",0.288346455845837,4.00545091499905e-20
"L.infP","L.cauantCG",0.12428917300696,9.98128884404962e-05
"L.infP","L.parsORB",0.365303284278255,3.79951208720606e-32
"L.infP","R.parsORB",0.346973605025522,5.77135526519778e-29
"L.infP","L.preCN",0.510792343181582,6.60483627224843e-66
"L.infP","R.ENT",0.00921236394814233,0.773887935493481
"L.infP","L.CN",0.410213459813319,7.28983793117101e-41
"L.infP","R.periCAL",0.30988176433609,3.82101258470653e-23
"L.infP","L.rosantCG",0.199596176257444,3.22065438137981e-10
"L.infP","L.caumidF",0.360246076036812,3.00915554771966e-31
"L.infP","R.rosantCG",0.140066503463321,1.13548565685011e-05
"L.infP","L.latO",0.391155816149386,5.34014432861601e-37
"L.infP","L.FUS",0.299006177470102,1.37872696311043e-21
"L.infP","R.LG",0.411862577205168,3.28340710215179e-41
"L.infP","R.postCEN",0.350898107347042,1.25193045066555e-29
"L.infP","L.periCAL",0.333986819166222,7.78362536360014e-27
"L.infP","L.SM",0.408569082343025,1.60764320594609e-40
"L.infP","L.parOP",0.367997063574107,1.2428023065161e-32
"L.infP","L.supP",0.469212382039822,1.56836796502391e-54
"L.infP","R.posCG",0.323865143954621,3.03306842398526e-25
"L.infP","L.ENT",0.0334144659333459,0.297263811190164
"L.infP","R.FUS",0.26562080372049,3.30209436346635e-17
"L.infP","R.supP",0.457858089631057,1.0934853739381e-51
"L.infP","R.supT",0.2594446913712,1.83914445929599e-16
"L.infP","R.rosmidF",0.436429896133407,1.321412712074e-46
"L.infP","R.preCEN",0.290419944516533,2.1032094269756e-20
"L.infP","L.latorbF",0.395277305079032,8.18406996958071e-38
"L.infP","L.transT",0.287480137296108,5.23423507122943e-20
"L.infP","L.posCG",0.26964252075763,1.05321808000719e-17
"L.infP","R.transT",0.277686825444931,1.01039659087659e-18
"L.infP","R.preCN",0.51352311525694,1.03852923945769e-66
"L.infP","L.preCEN",0.2893053547386,2.97549550254859e-20
"L.infP","L.infP",0.504701705979126,3.85286306283773e-64
"L.infP","R.infP",0.47211727197563,2.82250682751353e-55
"L.infP","R.INS",0.239142638301339,3.79840289904598e-14
"L.infP","R.caumidF",0.386828893659322,3.7185845098962e-36
"L.infP","R.paraCEN",0.425732227993286,3.3519233934837e-44
"L.infP","L.infT",0.322575643805122,4.78908133696043e-25
"L.infP","R.supF",0.429646604026755,4.52425820725792e-45
"L.infP","L.paraH",0.140771531855288,1.02449463840385e-05
"L.infP","L.midT",0.294774232409104,5.34295321176039e-21
"L.infP","R.paraH",0.137256175493413,1.7026367601875e-05
"L.infP","L.isthCG",0.268020769598577,1.67359631665157e-17
"L.infP","L.parsTRI",0.393767566045267,1.63192444733962e-37
"L.infP","R.infT",0.24003640340348,3.03414563978415e-14
"L.infP","R.latorbF",0.38416350313048,1.21147837401683e-35
"L.infP","L.rosmidF",0.440035196193626,1.95506391620196e-47
"L.infP","L.supF",0.42486454559668,5.2064598762647e-44
"L.infP","R.cauantCG",0.168281931449633,1.25294410755195e-07
"L.infP","L.LG",0.435683305777846,1.95723829394563e-46
"L.infP","R.isthCG",0.281163093218593,3.58091685818608e-19
"L.infP","L.medorbF",0.369510537232596,6.60228988528981e-33
"L.infP","R.SM",0.397445147753231,3.01896243762038e-38
"L.infP","L.supT",0.271555759911432,6.07394326082766e-18
"L.infP","R.midT",0.243108626284625,1.39200471232662e-14
"L.infP","L.postCEN",0.361160377685036,2.0756661450769e-31
"L.infP","R.latO",0.354627782932507,2.87124154082383e-30
"L.infP","R.parOP",0.330776250070278,2.52491499369888e-26
"L.infP","L.paraCEN",0.435626408465052,2.01663816182403e-46
"L.infP","R.parsTRI",0.393149971725765,2.16204276302863e-37
"L.infP","R.medorbF",0.35403408649615,3.63448269160659e-30
"L.infP","R.CN",0.394867170966196,9.87524231312592e-38
"L.infP","L.INS",0.259437243450287,1.84290695485104e-16
"R.infP","L.cauantCG",0.110584703894873,0.000541800149551274
"R.infP","L.parsORB",0.329407860139418,4.15171393207974e-26
"R.infP","R.parsORB",0.289487435649779,2.81183908451477e-20
"R.infP","L.preCN",0.489318896344957,7.76541065217302e-60
"R.infP","R.ENT",0.111042533395189,0.000513522980704425
"R.infP","L.CN",0.405423190960419,7.21049042526252e-40
"R.infP","R.periCAL",0.333392732366179,9.68742193950685e-27
"R.infP","L.rosantCG",0.189261472958274,2.58462035677313e-09
"R.infP","L.caumidF",0.360308265654453,2.93420684964885e-31
"R.infP","R.rosantCG",0.0833731482640826,0.0092002564483192
"R.infP","L.latO",0.420831646199408,3.96415021362749e-43
"R.infP","L.FUS",0.330647808346578,2.64585571352593e-26
"R.infP","R.LG",0.43716803813629,8.95250115367078e-47
"R.infP","R.postCEN",0.379785989396482,8.23211531158734e-35
"R.infP","L.periCAL",0.343007092777821,2.64580333197275e-28
"R.infP","L.SM",0.389589802619751,1.08154791520791e-36
"R.infP","L.parOP",0.3458253189142,8.98867980046817e-29
"R.infP","L.supP",0.472397700985809,2.38975189098731e-55
"R.infP","R.posCG",0.278088305094161,8.96996133706596e-19
"R.infP","L.ENT",0.0982763451284405,0.00212500846526566
"R.infP","R.FUS",0.349667698012354,2.02617095520485e-29
"R.infP","R.supP",0.496980669676717,5.93891107395854e-62
"R.infP","R.supT",0.267118683756486,2.16240275695772e-17
"R.infP","R.rosmidF",0.302803009140904,4.01117777316587e-22
"R.infP","R.preCEN",0.260997957947379,1.19920068411075e-16
"R.infP","L.latorbF",0.374653399082641,7.50272081124791e-34
"R.infP","L.transT",0.329305796715452,4.30816850562508e-26
"R.infP","L.posCG",0.258249751982279,2.55066206318376e-16
"R.infP","R.transT",0.297981963077782,1.91761199016296e-21
"R.infP","R.preCN",0.504044883529326,5.9442585667147e-64
"R.infP","L.preCEN",0.287532890642945,5.14978184359853e-20
"R.infP","L.infP",0.460174328370728,2.9338784347649e-52
"R.infP","R.infP",0.520968072269463,6.1448418643528e-69
"R.infP","R.INS",0.281794082853818,2.9616516465593e-19
"R.infP","R.caumidF",0.291651459259173,1.43092383006219e-20
"R.infP","R.paraCEN",0.388932642578937,1.45267845575615e-36
"R.infP","L.infT",0.336404337383317,3.17933101173417e-27
"R.infP","R.supF",0.312026760117547,1.85021164407249e-23
"R.infP","L.paraH",0.163003769866947,3.09570220063358e-07
"R.infP","L.midT",0.248844912864828,3.1563508566616e-15
"R.infP","R.paraH",0.208576710671649,4.8030078982528e-11
"R.infP","L.isthCG",0.250923658376573,1.82625813108177e-15
"R.infP","L.parsTRI",0.317653359812202,2.6832908320109e-24
"R.infP","R.infT",0.33434155763051,6.82874261899097e-27
"R.infP","R.latorbF",0.387894442526124,2.31201826250861e-36
"R.infP","L.rosmidF",0.400642373909792,6.84202631190354e-39
"R.infP","L.supF",0.406923999421621,3.53096273323099e-40
"R.infP","R.cauantCG",0.138468780716476,1.43094763167808e-05
"R.infP","L.LG",0.454024193781309,9.43956311106619e-51
"R.infP","R.isthCG",0.25366615490358,8.80488152002069e-16
"R.infP","L.medorbF",0.334386076317541,6.71741339934066e-27
"R.infP","R.SM",0.436075417046322,1.5925552885687e-46
"R.infP","L.supT",0.262249401136733,8.47920589578422e-17
"R.infP","R.midT",0.260833962279476,1.25475606119122e-16
"R.infP","L.postCEN",0.36287079310671,1.03280975306184e-31
"R.infP","R.latO",0.477236238301175,1.31994720057597e-56
"R.infP","R.parOP",0.254808432493283,6.48084796237074e-16
"R.infP","L.paraCEN",0.398120972193674,2.20889722410338e-38
"R.infP","R.parsTRI",0.272496345903242,4.62645308172361e-18
"R.infP","R.medorbF",0.233102329248297,1.69284265519947e-13
"R.infP","R.CN",0.413723917009579,1.32745721697574e-41
"R.infP","L.INS",0.278279710522955,8.47445800620267e-19
"R.INS","L.cauantCG",0.0998936585955073,0.00179022899090086
"R.INS","L.parsORB",0.170260551918646,8.86063339189527e-08
"R.INS","R.parsORB",0.206316157084625,7.81834256826903e-11
"R.INS","L.preCN",0.154651852774558,1.22205913920936e-06
"R.INS","R.ENT",0.32693067852028,1.01491064279604e-25
"R.INS","L.CN",0.107527308717839,0.00077104079249518
"R.INS","R.periCAL",-0.0559437745252656,0.0808160964874413
"R.INS","L.rosantCG",0.261117624574784,1.16019753928043e-16
"R.INS","L.caumidF",-0.0623359880237324,0.0516744100518173
"R.INS","R.rosantCG",0.239672177944337,3.3253978021535e-14
"R.INS","L.latO",0.191857358673933,1.54834417166222e-09
"R.INS","L.FUS",0.503625201309353,7.83804512590592e-64
"R.INS","R.LG",0.158263010276049,6.80823812125751e-07
"R.INS","R.postCEN",0.167326519625455,1.47897151987143e-07
"R.INS","L.periCAL",-0.0704296330876948,0.0278726106164068
"R.INS","L.SM",0.13454679246179,2.49764732165505e-05
"R.INS","L.parOP",0.127290104278424,6.72653328828306e-05
"R.INS","L.supP",0.142161265702313,8.35266751873264e-06
"R.INS","R.posCG",0.0767931043929373,0.0164700120933284
"R.INS","L.ENT",0.364204292576206,5.97590368730514e-32
"R.INS","R.FUS",0.469662096256349,1.20395437614728e-54
"R.INS","R.supP",0.113585847106106,0.00037989016579837
"R.INS","R.supT",0.460226105682678,2.84852070204753e-52
"R.INS","R.rosmidF",-0.00438072545264734,0.891336470304956
"R.INS","R.preCEN",0.0756532826087863,0.0181458161606228
"R.INS","L.latorbF",0.269424872604272,1.12096236245915e-17
"R.INS","L.transT",0.242603096009486,1.58360295981287e-14
"R.INS","L.posCG",0.0949129986936661,0.00301156609626906
"R.INS","R.transT",0.193294614066794,1.16230994999881e-09
"R.INS","R.preCN",0.081656030898751,0.010750729878734
"R.INS","L.preCEN",0.0612771301052355,0.0557837902534865
"R.INS","L.infP",0.18004538516116,1.50470298957929e-08
"R.INS","R.infP",0.172906286264899,5.5401389294716e-08
"R.INS","R.INS",0.485556390404633,8.12823466903444e-59
"R.INS","R.caumidF",-0.0263937801793589,0.410376236685867
"R.INS","R.paraCEN",0.0426969083138537,0.18282477634731
"R.INS","L.infT",0.412973374827033,1.91385892143104e-41
"R.INS","R.supF",-0.00883625183147598,0.782883491319023
"R.INS","L.paraH",0.367770804830622,1.36566428305023e-32
"R.INS","L.midT",0.259312569770214,1.90702551167107e-16
"R.INS","R.paraH",0.390157335624331,8.37841988620942e-37
"R.INS","L.isthCG",0.124438845637929,9.78877596869977e-05
"R.INS","L.parsTRI",0.00490792495779034,0.878355502407724
"R.INS","R.infT",0.45102350287121,5.00454316353751e-50
"R.INS","R.latorbF",0.295947428285169,3.67852003151682e-21
"R.INS","L.rosmidF",-0.0506092501619104,0.114276840218273
"R.INS","L.supF",0.000203273898661525,0.994942177223743
"R.INS","R.cauantCG",0.0916428148482416,0.00418455433288395
"R.INS","L.LG",0.133791889649989,2.77547209947008e-05
"R.INS","R.isthCG",0.0565423552874331,0.0776173073484965
"R.INS","L.medorbF",0.20426935854971,1.20956181134289e-10
"R.INS","R.SM",0.186481211218469,4.43905807214549e-09
"R.INS","L.supT",0.414730323448043,8.11577340713487e-42
"R.INS","R.midT",0.3480612752071,3.78684248141447e-29
"R.INS","L.postCEN",0.148114238702951,3.40780714178328e-06
"R.INS","R.latO",0.184633991353403,6.32986619426576e-09
"R.INS","R.parOP",0.214656565974228,1.26003524044355e-11
"R.INS","L.paraCEN",0.0804982408340668,0.011923045996795
"R.INS","R.parsTRI",0.0971137093121877,0.00240007902754614
"R.INS","R.medorbF",0.168591188897593,1.18721511867869e-07
"R.INS","R.CN",0.108946283996337,0.000655296012915973
"R.INS","L.INS",0.450401501139456,7.05703670524079e-50
"R.caumidF","L.cauantCG",0.0578452435564112,0.0710102368038688
"R.caumidF","L.parsORB",0.352604117981082,6.3991515187793e-30
"R.caumidF","R.parsORB",0.316935197534264,3.44112968578903e-24
"R.caumidF","L.preCN",0.21987158645884,3.87133299352499e-12
"R.caumidF","R.ENT",0.128342650018135,5.844845221897e-05
"R.caumidF","L.CN",0.0769250959905364,0.0162850083078518
"R.caumidF","R.periCAL",-0.000639957386660872,0.984077649935461
"R.caumidF","L.rosantCG",0.080544225746125,0.0118744088678993
"R.caumidF","L.caumidF",0.446959831504092,4.66589852034015e-49
"R.caumidF","R.rosantCG",0.00916197379735297,0.775091399663889
"R.caumidF","L.latO",0.140979658400201,9.93759732423584e-06
"R.caumidF","L.FUS",0.189467552340257,2.48224341746656e-09
"R.caumidF","R.LG",0.0581590349707633,0.0694897510092515
"R.caumidF","R.postCEN",0.244980954789756,8.6119578818784e-15
"R.caumidF","L.periCAL",0.016783425315984,0.600677220834629
"R.caumidF","L.SM",0.347081821926466,5.53480832200679e-29
"R.caumidF","L.parOP",0.374071490323957,9.61485090568268e-34
"R.caumidF","L.supP",0.261353936047403,1.08680862504524e-16
"R.caumidF","R.posCG",0.120626919138832,0.000159663449520629
"R.caumidF","L.ENT",0.108327761012703,0.000703608545938393
"R.caumidF","R.FUS",0.179073322602342,1.80253958015814e-08
"R.caumidF","R.supP",0.291103386206195,1.69886206500425e-20
"R.caumidF","R.supT",0.221704695164236,2.53865196839963e-12
"R.caumidF","R.rosmidF",0.296287469266788,3.30024853885177e-21
"R.caumidF","R.preCEN",0.319008319311645,1.6750894658449e-24
"R.caumidF","L.latorbF",0.248001936167313,3.93483131531573e-15
"R.caumidF","L.transT",0.165907209140431,1.88889593906166e-07
"R.caumidF","L.posCG",0.0797193627363883,0.0127740616348468
"R.caumidF","R.transT",0.150792578292991,2.25045813269113e-06
"R.caumidF","R.preCN",0.263290506579433,6.34608087984318e-17
"R.caumidF","L.preCEN",0.348525503415333,3.16192236229518e-29
"R.caumidF","L.infP",0.2642550700768,4.84629053795347e-17
"R.caumidF","R.infP",0.343400242154809,2.27739530311671e-28
"R.caumidF","R.INS",0.0722498709632564,0.0240670987764943
"R.caumidF","R.caumidF",0.406761354112284,3.8156870941364e-40
"R.caumidF","R.paraCEN",0.295659418508249,4.03217207730162e-21
"R.caumidF","L.infT",0.292445314276831,1.11521260505131e-20
"R.caumidF","R.supF",0.391629270481506,4.31086557573321e-37
"R.caumidF","L.paraH",0.0432026685058202,0.177689991218556
"R.caumidF","L.midT",0.248596259462609,3.36870668917816e-15
"R.caumidF","R.paraH",0.0784374011088515,0.014291953811718
"R.caumidF","L.isthCG",0.0958853626640135,0.00272573181741113
"R.caumidF","L.parsTRI",0.315124946907337,6.42262497775334e-24
"R.caumidF","R.infT",0.218476879323169,5.32362269621884e-12
"R.caumidF","R.latorbF",0.307741018315647,7.83305274615464e-23
"R.caumidF","L.rosmidF",0.390551844532753,7.01383619016785e-37
"R.caumidF","L.supF",0.458487696977596,7.65483543165118e-52
"R.caumidF","R.cauantCG",0.0751898527476527,0.0188686860353762
"R.caumidF","L.LG",0.0753165753764967,0.0186685646914468
"R.caumidF","R.isthCG",0.0873479747307159,0.0063496161979722
"R.caumidF","L.medorbF",0.153358962942441,1.50195467364633e-06
"R.caumidF","R.SM",0.367064856223327,1.83179361193252e-32
"R.caumidF","L.supT",0.234560742745551,1.18457015733952e-13
"R.caumidF","R.midT",0.229700885344706,3.85653829887099e-13
"R.caumidF","L.postCEN",0.263179091501477,6.54636535891498e-17
"R.caumidF","R.latO",0.173822817714998,4.70041436136659e-08
"R.caumidF","R.parOP",0.264555634205423,4.45474987148467e-17
"R.caumidF","L.paraCEN",0.281988065317903,2.79345011394968e-19
"R.caumidF","R.parsTRI",0.275243894082196,2.07610218260962e-18
"R.caumidF","R.medorbF",0.103092634727313,0.00126621267698844
"R.caumidF","R.CN",0.0786166019617926,0.0140706452696526
"R.caumidF","L.INS",0.130703951626321,4.24787793785905e-05
"R.paraCEN","L.cauantCG",0.225300236562174,1.09759236466101e-12
"R.paraCEN","L.parsORB",0.372189621790138,2.13705430478716e-33
"R.paraCEN","R.parsORB",0.311338461130406,2.33651934509514e-23
"R.paraCEN","L.preCN",0.51998341493593,1.21997553506388e-68
"R.paraCEN","R.ENT",0.232755125716753,1.84236905418628e-13
"R.paraCEN","L.CN",0.329469949540474,4.05930118216656e-26
"R.paraCEN","R.periCAL",0.17343843213896,5.0364008553904e-08
"R.paraCEN","L.rosantCG",0.266973081512665,2.25350842765752e-17
"R.paraCEN","L.caumidF",0.37150461117422,2.8543775408838e-33
"R.paraCEN","R.rosantCG",0.157766526479288,7.38422490776842e-07
"R.paraCEN","L.latO",0.453644447608889,1.16688613071911e-50
"R.paraCEN","L.FUS",0.509613757075973,1.4600785161362e-65
"R.paraCEN","R.LG",0.35107781385663,1.16671059518717e-29
"R.paraCEN","R.postCEN",0.468432978499205,2.47781871266628e-54
"R.paraCEN","L.periCAL",0.178479521155546,2.01180781211817e-08
"R.paraCEN","L.SM",0.463624017447366,4.05774736167641e-53
"R.paraCEN","L.parOP",0.438399648745802,4.66525366705631e-47
"R.paraCEN","L.supP",0.478852458390926,4.96479790740109e-57
"R.paraCEN","R.posCG",0.313834815994143,9.99355331292715e-24
"R.paraCEN","L.ENT",0.206608760201064,7.34279231777293e-11
"R.paraCEN","R.FUS",0.504687536605684,3.88911097334231e-64
"R.paraCEN","R.supP",0.458044022770992,9.84258057934018e-52
"R.paraCEN","R.supT",0.455809232975976,3.47196075904133e-51
"R.paraCEN","R.rosmidF",0.229814901150978,3.75234958631946e-13
"R.paraCEN","R.preCEN",0.537117168784681,5.77072983911019e-74
"R.paraCEN","L.latorbF",0.387283430694299,3.03690564823926e-36
"R.paraCEN","L.transT",0.362740984253811,1.08915833994519e-31
"R.paraCEN","L.posCG",0.335513105760881,4.42679505699675e-27
"R.paraCEN","R.transT",0.304165842684395,2.56365136720248e-22
"R.paraCEN","R.preCN",0.505782330481335,1.88394572054086e-64
"R.paraCEN","L.preCEN",0.551078764875615,1.54771010235036e-78
"R.paraCEN","L.infP",0.483069958408285,3.77576237744974e-58
"R.paraCEN","R.infP",0.486553813301271,4.37401793554671e-59
"R.paraCEN","R.INS",0.38085261660972,5.17492624091092e-35
"R.paraCEN","R.caumidF",0.341814684399802,4.16381890727134e-28
"R.paraCEN","R.paraCEN",0.584313193024813,2.47009129240172e-90
"R.paraCEN","L.infT",0.4815925067727,9.34868558731723e-58
"R.paraCEN","R.supF",0.382721383321273,2.28492774662008e-35
"R.paraCEN","L.paraH",0.268741128752282,1.36294905448293e-17
"R.paraCEN","L.midT",0.417449915692509,2.1292398628447e-42
"R.paraCEN","R.paraH",0.329454187177629,4.08256695742964e-26
"R.paraCEN","L.isthCG",0.309754180598277,3.9886907429522e-23
"R.paraCEN","L.parsTRI",0.365546945917826,3.43572458608099e-32
"R.paraCEN","R.infT",0.438808213473066,3.75590350808845e-47
"R.paraCEN","R.latorbF",0.312334244027519,1.66670887850519e-23
"R.paraCEN","L.rosmidF",0.29946660333675,1.18817077467056e-21
"R.paraCEN","L.supF",0.428012915618044,1.0469655794366e-44
"R.paraCEN","R.cauantCG",0.178266664344604,2.09241054689407e-08
"R.paraCEN","L.LG",0.386534935780954,4.23819223747077e-36
"R.paraCEN","R.isthCG",0.270151307004599,9.10196589767007e-18
"R.paraCEN","L.medorbF",0.237369394498658,5.91560437932516e-14
"R.paraCEN","R.SM",0.493073604926576,7.23924522204346e-61
"R.paraCEN","L.supT",0.444417822336688,1.8569739861088e-48
"R.paraCEN","R.midT",0.410645761987528,5.91699549004505e-41
"R.paraCEN","L.postCEN",0.493409782207241,5.84525275795228e-61
"R.paraCEN","R.latO",0.434287099574668,4.0696070683178e-46
"R.paraCEN","R.parOP",0.398437120646462,1.90807686234664e-38
"R.paraCEN","L.paraCEN",0.565981962301505,1.16230593366921e-83
"R.paraCEN","R.parsTRI",0.305546973048785,1.62473295376218e-22
"R.paraCEN","R.medorbF",0.145557659694829,5.03003423464127e-06
"R.paraCEN","R.CN",0.338945900308521,1.22967682443622e-27
"R.paraCEN","L.INS",0.358621532149514,5.80402264060986e-31
"L.infT","L.cauantCG",0.0124749329129497,0.697242782988988
"L.infT","L.parsORB",-0.0423211682797718,0.186710033913469
"L.infT","R.parsORB",-0.049185191137598,0.124841339233109
"L.infT","L.preCN",-0.0342596379403654,0.28520564584673
"L.infT","R.ENT",0.201785951854888,2.0413729722198e-10
"L.infT","L.CN",0.00442184341208082,0.890322951196333
"L.infT","R.periCAL",-0.0212178772688544,0.508129785017439
"L.infT","L.rosantCG",0.150252547458515,2.44825924143418e-06
"L.infT","L.caumidF",-0.112899559680031,0.000412330100145694
"L.infT","R.rosantCG",0.0893752893904607,0.00522615575036856
"L.infT","L.latO",0.0574819421040298,0.0728045320859727
"L.infT","L.FUS",0.266513474826824,2.56661838267393e-17
"L.infT","R.LG",0.0471518874360895,0.141224365994417
"L.infT","R.postCEN",0.0116847949327739,0.715557840394022
"L.infT","L.periCAL",-0.0615471214745837,0.0547109750331313
"L.infT","L.SM",-0.00824390140983863,0.797109379959568
"L.infT","L.parOP",-0.00520182858769307,0.871132783653667
"L.infT","L.supP",-0.0356535812128658,0.266048641576027
"L.infT","R.posCG",-0.0280773717213101,0.381158536504171
"L.infT","L.ENT",0.228943311400986,4.62453510160391e-13
"L.infT","R.FUS",0.231372867101237,2.5771308525138e-13
"L.infT","R.supP",-0.019887953982874,0.535082751477545
"L.infT","R.supT",0.178752620934046,1.91279099745542e-08
"L.infT","R.rosmidF",-0.170042011762776,9.20810290830164e-08
"L.infT","R.preCEN",-0.103525109757744,0.00120740429867055
"L.infT","L.latorbF",-0.0298650904141403,0.351569819622799
"L.infT","L.transT",0.106237167545436,0.00089244930191492
"L.infT","L.posCG",-0.0358748419498198,0.263091152860893
"L.infT","R.transT",0.0987728185907568,0.00201659603831594
"L.infT","R.preCN",-0.0289845197395257,0.365958133630281
"L.infT","L.preCEN",-0.0687750762569264,0.0317702697865975
"L.infT","L.infP",-0.0191467454544367,0.550410750923836
"L.infT","R.infP",0.0107409071348759,0.737652132973571
"L.infT","R.INS",0.228795589207086,4.7908733767652e-13
"L.infT","R.caumidF",-0.155585809453618,1.0518060665498e-06
"L.infT","R.paraCEN",-0.105294574385884,0.00099208582170777
"L.infT","L.infT",0.338889164670271,1.25615240461786e-27
"L.infT","R.supF",-0.188399693938687,3.05904069738832e-09
"L.infT","L.paraH",0.164316534716062,2.47865777286425e-07
"L.infT","L.midT",0.220267116550329,3.53554206708506e-12
"L.infT","R.paraH",0.181509514338203,1.14419954509071e-08
"L.infT","L.isthCG",-0.05731311023138,0.0736508889322795
"L.infT","L.parsTRI",-0.075396879202195,0.0185427101814306
"L.infT","R.infT",0.264363193325337,4.70168509972887e-17
"L.infT","R.latorbF",0.013573917264205,0.672060913857493
"L.infT","L.rosmidF",-0.141718573294637,8.91591090475761e-06
"L.infT","L.supF",-0.155303629540953,1.10068263168572e-06
"L.infT","R.cauantCG",0.013033146363075,0.684408258955732
"L.infT","L.LG",0.00149101836223931,0.962913857721678
"L.infT","R.isthCG",-0.03631084357774,0.257329833073634
"L.infT","L.medorbF",0.0283562525000699,0.3764448577541
"L.infT","R.SM",0.0313182469029054,0.328620095215682
"L.infT","L.supT",0.207381122657876,6.21911033504342e-11
"L.infT","R.midT",0.230094176455441,3.50866501598612e-13
"L.infT","L.postCEN",0.00183043635110677,0.954479807088776
"L.infT","R.latO",0.0983338566538593,0.00211218223219771
"L.infT","R.parOP",-0.00520586008093776,0.87103378234449
"L.infT","L.paraCEN",-0.123702607284519,0.000107706836055239
"L.infT","R.parsTRI",-0.0816411707082785,0.0107651037246063
"L.infT","R.medorbF",-0.028993644657389,0.365807178446736
"L.infT","R.CN",0.0225945194443412,0.480997844381088
"L.infT","L.INS",0.21623480176689,8.84405559676457e-12
"R.supF","L.cauantCG",0.0510044496794773,0.111473168634768
"R.supF","L.parsORB",0.467640254746335,3.94057681262032e-54
"R.supF","R.parsORB",0.475785299670712,3.1612041954889e-56
"R.supF","L.preCN",0.200352400587444,2.7530378858574e-10
"R.supF","R.ENT",0.0216952567020444,0.498631350780401
"R.supF","L.CN",0.0258712094956454,0.4197085249478
"R.supF","R.periCAL",-0.104304582508034,0.00110772916112527
"R.supF","L.rosantCG",0.0681833945220896,0.0332730948081727
"R.supF","L.caumidF",0.39656492754312,4.53006876606215e-38
"R.supF","R.rosantCG",0.118520280152118,0.000207974582389881
"R.supF","L.latO",0.0201360416964664,0.530000790003237
"R.supF","L.FUS",0.144473927280676,5.92097847846334e-06
"R.supF","R.LG",0.0203180221930708,0.526288635066131
"R.supF","R.postCEN",0.168412916755224,1.22468652747257e-07
"R.supF","L.periCAL",-0.0651054850876369,0.0421064117495051
"R.supF","L.SM",0.313212551951486,1.23592640552076e-23
"R.supF","L.parOP",0.353982607443889,3.70944573502709e-30
"R.supF","L.supP",0.193954453601181,1.01817694063922e-09
"R.supF","R.posCG",0.163236152788043,2.97663252754553e-07
"R.supF","L.ENT",0.0347028567440809,0.279016039521845
"R.supF","R.FUS",0.0891615889608685,0.0053354840387611
"R.supF","R.supP",0.196055959034348,6.65812043344232e-10
"R.supF","R.supT",0.208925789114496,4.45268664251125e-11
"R.supF","R.rosmidF",0.506793698489158,9.62176792626057e-65
"R.supF","R.preCEN",0.264633745104134,4.35820486321021e-17
"R.supF","L.latorbF",0.364309290059991,5.72329705456238e-32
"R.supF","L.transT",0.0801806969855188,0.0122637448305557
"R.supF","L.posCG",0.130038004920759,4.65051445697056e-05
"R.supF","R.transT",0.0490460728826165,0.125912888236739
"R.supF","R.preCN",0.220141998261071,3.6385555385061e-12
"R.supF","L.preCEN",0.257170827385452,3.42193982403818e-16
"R.supF","L.infP",0.233072111196816,1.70536862600099e-13
"R.supF","R.infP",0.260260749370234,1.46958335599172e-16
"R.supF","R.INS",0.0264312150217077,0.409712468548466
"R.supF","R.caumidF",0.424103977329384,7.65108579245836e-44
"R.supF","R.paraCEN",0.279207941333777,6.42918861230338e-19
"R.supF","L.infT",0.230992204026992,2.82561628674372e-13
"R.supF","R.supF",0.578209775594145,4.58560980460959e-88
"R.supF","L.paraH",0.0423496221821679,0.18641369799357
"R.supF","L.midT",0.206750565815993,7.12260312419144e-11
"R.supF","R.paraH",0.0617373896685829,0.0539653063707351
"R.supF","L.isthCG",0.117942198640737,0.000223454287392697
"R.supF","L.parsTRI",0.400941924803747,5.94870742162982e-39
"R.supF","R.infT",0.12168130192273,0.000139651583083871
"R.supF","R.latorbF",0.445721728612221,9.15674840192504e-49
"R.supF","L.rosmidF",0.46646477992388,7.82280377965015e-54
"R.supF","L.supF",0.510192118420016,9.89653716484029e-66
"R.supF","R.cauantCG",0.113584959106831,0.000379930556893948
"R.supF","L.LG",0.0280618939765773,0.381421198654969
"R.supF","R.isthCG",0.0826195439239285,0.00985435427114585
"R.supF","L.medorbF",0.264776627263765,4.18690571979134e-17
"R.supF","R.SM",0.268797712230852,1.34110839361916e-17
"R.supF","L.supT",0.166044651505487,1.84483934689307e-07
"R.supF","R.midT",0.175067859389974,3.75455712135461e-08
"R.supF","L.postCEN",0.197378421715822,5.08408760711606e-10
"R.supF","R.latO",0.00997087447318931,0.755839548873288
"R.supF","R.parOP",0.333359437018179,9.80680983716512e-27
"R.supF","L.paraCEN",0.260896759580447,1.23318965043061e-16
"R.supF","R.parsTRI",0.434677582009525,3.3173501553592e-46
"R.supF","R.medorbF",0.364182084443127,6.0307326023687e-32
"R.supF","R.CN",-0.00432567550837506,0.892693677042826
"R.supF","L.INS",0.0735881569039327,0.0215641785491401
"L.paraH","L.cauantCG",0.0380697295729598,0.234978209839975
"L.paraH","L.parsORB",0.0581617970612108,0.069476486673992
"L.paraH","R.parsORB",0.0917549874264205,0.00413828372009938
"L.paraH","L.preCN",0.134660694130285,2.45809496790007e-05
"L.paraH","R.ENT",0.264199284073688,4.92260345560629e-17
"L.paraH","L.CN",0.1949719004914,8.29405680724605e-10
"L.paraH","R.periCAL",0.115560965850886,0.000299327344712
"L.paraH","L.rosantCG",0.165004553837674,2.20451142130483e-07
"L.paraH","L.caumidF",-0.12820343695706,5.95484485072613e-05
"L.paraH","R.rosantCG",0.0973375653543375,0.00234471175495116
"L.paraH","L.latO",0.225511257591516,1.04441723875721e-12
"L.paraH","L.FUS",0.389150364489123,1.31750832845523e-36
"L.paraH","R.LG",0.282907045483395,2.11626480176138e-19
"L.paraH","R.postCEN",0.109807184861599,0.000593164130356043
"L.paraH","L.periCAL",0.103964816912348,0.00115020400667488
"L.paraH","L.SM",0.048777071551362,0.128005127988417
"L.paraH","L.parOP",0.0463312835627531,0.148285393239802
"L.paraH","L.supP",0.104233053364808,0.00111654895581296
"L.paraH","R.posCG",0.0986627137895667,0.00204019216885361
"L.paraH","L.ENT",0.311930282534729,1.91180364537797e-23
"L.paraH","R.FUS",0.390030101803662,8.87237191560595e-37
"L.paraH","R.supP",0.0825004727454395,0.0099614042220523
"L.paraH","R.supT",0.338497359506189,1.45504962397073e-27
"L.paraH","R.rosmidF",-0.0899435417136843,0.00494520336095192
"L.paraH","R.preCEN",0.0524426027862411,0.101725504342049
"L.paraH","L.latorbF",0.1726478006386,5.80209103148822e-08
"L.paraH","L.transT",0.274270018022074,2.76090908592812e-18
"L.paraH","L.posCG",0.0988506545768112,0.00200006646231305
"L.paraH","R.transT",0.230169306747058,3.44580297551423e-13
"L.paraH","R.preCN",0.117335733590145,0.000240850600556121
"L.paraH","L.preCEN",0.0480330194814854,0.133932869990797
"L.paraH","L.infP",0.135073127560692,2.31979734787877e-05
"L.paraH","R.infP",0.142145644784648,8.37195074637764e-06
"L.paraH","R.INS",0.320067905531653,1.15686718155022e-24
"L.paraH","R.caumidF",-0.120792757253483,0.000156346745676293
"L.paraH","R.paraCEN",0.0312999725346634,0.328902542907547
"L.paraH","L.infT",0.291471214744887,1.51408050300556e-20
"L.paraH","R.supF",-0.0593365794734966,0.0640201755206972
"L.paraH","L.paraH",0.627284325216121,9.15837204221619e-108
"L.paraH","L.midT",0.172255252573417,6.22295919253194e-08
"L.paraH","R.paraH",0.513685422702363,9.29896728483715e-67
"L.paraH","L.isthCG",0.0920486110859529,0.00401935200543039
"L.paraH","L.parsTRI",-0.00962451353203761,0.764065202545133
"L.paraH","R.infT",0.326897972528982,1.02690254014596e-25
"L.paraH","R.latorbF",0.180115467060408,1.4851810619714e-08
"L.paraH","L.rosmidF",-0.116639974099087,0.0002623683107558
"L.paraH","L.supF",-0.0385191204384506,0.229494429865301
"L.paraH","R.cauantCG",0.0393558737945798,0.21952730504953
"L.paraH","L.LG",0.247222824607247,4.82054060673257e-15
"L.paraH","R.isthCG",0.153084093988312,1.56893057317243e-06
"L.paraH","L.medorbF",0.105888292433038,0.000928194632708077
"L.paraH","R.SM",0.0969049474201845,0.00245278716967497
"L.paraH","L.supT",0.320688048425233,9.30893235963573e-25
"L.paraH","R.midT",0.238749252452121,4.1919686724745e-14
"L.paraH","L.postCEN",0.0901113066304924,0.00486490610194997
"L.paraH","R.latO",0.198998496149139,3.64420686277075e-10
"L.paraH","R.parOP",0.0967660214898666,0.00248844697856336
"L.paraH","L.paraCEN",0.0635106909461117,0.0474145319670106
"L.paraH","R.parsTRI",0.0109245201255728,0.733336509299496
"L.paraH","R.medorbF",0.0760044915638652,0.0176142346341927
"L.paraH","R.CN",0.216448642965394,8.4281101220907e-12
"L.paraH","L.INS",0.244354166168661,1.01183171141732e-14
"L.midT","L.cauantCG",0.10082333635631,0.00162042740780873
"L.midT","L.parsORB",0.245335847482314,7.85916802866784e-15
"L.midT","R.parsORB",0.219302822131204,4.40952190951638e-12
"L.midT","L.preCN",0.227499124336424,6.52598307728977e-13
"L.midT","R.ENT",0.0586029471098062,0.0673844507085849
"L.midT","L.CN",0.110560030343191,0.00054336446337408
"L.midT","R.periCAL",0.0225871538397105,0.481140885010369
"L.midT","L.rosantCG",0.221281998235123,2.79900824660277e-12
"L.midT","L.caumidF",0.252704996591731,1.13814886951327e-15
"L.midT","R.rosantCG",0.21426366893845,1.37552547575728e-11
"L.midT","L.latO",0.185468581785882,5.39464231910094e-09
"L.midT","L.FUS",0.290259181761464,2.21134686769874e-20
"L.midT","R.LG",0.0885514786727035,0.00565905396392444
"L.midT","R.postCEN",0.317615568981438,2.71869176262639e-24
"L.midT","L.periCAL",-0.0202337869599743,0.528005269268399
"L.midT","L.SM",0.429104336805919,5.98024116565548e-45
"L.midT","L.parOP",0.370689100875824,4.02493778889842e-33
"L.midT","L.supP",0.237071032315151,6.37116319671677e-14
"L.midT","R.posCG",0.136737709198096,1.83319875370856e-05
"L.midT","L.ENT",0.0760778273766266,0.0175049714007147
"L.midT","R.FUS",0.260958583514063,1.21231413316587e-16
"L.midT","R.supP",0.217595135916038,6.50412711230269e-12
"L.midT","R.supT",0.418359043185614,1.35760522897333e-42
"L.midT","R.rosmidF",0.234687844544893,1.14814835771265e-13
"L.midT","R.preCEN",0.228979172650396,4.58501656534115e-13
"L.midT","L.latorbF",0.182402174041538,9.6716620424564e-09
"L.midT","L.transT",0.203098082636924,1.54949455299091e-10
"L.midT","L.posCG",0.0799492762636594,0.012517437641338
"L.midT","R.transT",0.231520590475356,2.48658697941597e-13
"L.midT","R.preCN",0.257013628407394,3.57122201275853e-16
"L.midT","L.preCEN",0.21122058485149,2.69750583092091e-11
"L.midT","L.infP",0.349919695679248,1.83623021689132e-29
"L.midT","R.infP",0.329179090149713,4.51053858262412e-26
"L.midT","R.INS",0.227186657791617,7.02870272578779e-13
"L.midT","R.caumidF",0.201328315916013,2.24642507746897e-10
"L.midT","R.paraCEN",0.238329006830288,4.65665233308156e-14
"L.midT","L.infT",0.496055568021026,1.07675132107627e-61
"L.midT","R.supF",0.196301688535278,6.33355305997195e-10
"L.midT","L.paraH",0.15201294163321,1.85833029705095e-06
"L.midT","L.midT",0.549139374508835,6.88132204073787e-78
"L.midT","R.paraH",0.112695898795365,0.000422442984548603
"L.midT","L.isthCG",0.0442719699304404,0.167188042194231
"L.midT","L.parsTRI",0.330874631765874,2.4359944206773e-26
"L.midT","R.infT",0.39175135620544,4.07907503848279e-37
"L.midT","R.latorbF",0.118775101886763,0.000201475484422602
"L.midT","L.rosmidF",0.274069308367062,2.92755573144476e-18
"L.midT","L.supF",0.19548581098749,7.47484671678673e-10
"L.midT","R.cauantCG",0.136498239831494,1.89666751343122e-05
"L.midT","L.LG",0.0925187716163816,0.0038353542291618
"L.midT","R.isthCG",0.0495530006569155,0.122042502387544
"L.midT","L.medorbF",0.200295388772208,2.78585159299169e-10
"L.midT","R.SM",0.429338716091272,5.30118512397866e-45
"L.midT","L.supT",0.463740173880167,3.79476010710021e-53
"L.midT","R.midT",0.503838044239118,6.81262585196722e-64
"L.midT","L.postCEN",0.305620724718099,1.58553153057989e-22
"L.midT","R.latO",0.178845798710634,1.88010165953801e-08
"L.midT","R.parOP",0.34577825070374,9.15305420482648e-29
"L.midT","L.paraCEN",0.206945836200125,6.82991745439959e-11
"L.midT","R.parsTRI",0.31802469300775,2.35880727601238e-24
"L.midT","R.medorbF",0.175698415556099,3.34867721537837e-08
"L.midT","R.CN",0.0993634799877164,0.00189422795531696
"L.midT","L.INS",0.339051686532595,1.18177904900032e-27
"R.paraH","L.cauantCG",0.0615045841630601,0.0548788487031173
"R.paraH","L.parsORB",0.0857752851401012,0.00736580546629707
"R.paraH","R.parsORB",0.0900734492552792,0.00488292216108704
"R.paraH","L.preCN",0.156680810578369,8.81160800376778e-07
"R.paraH","R.ENT",0.338042343867863,1.72542821912454e-27
"R.paraH","L.CN",0.188827905272376,2.81359233204246e-09
"R.paraH","R.periCAL",0.0940124746548627,0.00330036023704901
"R.paraH","L.rosantCG",0.224600704745912,1.29354361467978e-12
"R.paraH","L.caumidF",-0.094444945920337,0.00315866369740316
"R.paraH","R.rosantCG",0.105063333285091,0.00101805210412644
"R.paraH","L.latO",0.244049487303283,1.09412541221519e-14
"R.paraH","L.FUS",0.437774515512239,6.49679842853218e-47
"R.paraH","R.LG",0.298695996948203,1.52381377829462e-21
"R.paraH","R.postCEN",0.151485201202888,2.01910947390772e-06
"R.paraH","L.periCAL",0.0932788144755943,0.00355401703570376
"R.paraH","L.SM",0.0827325944857046,0.0097536654962926
"R.paraH","L.parOP",0.0888398262211662,0.00550398945781029
"R.paraH","L.supP",0.149459415283868,2.76923752908922e-06
"R.paraH","R.posCG",0.0474317115782148,0.138876493035374
"R.paraH","L.ENT",0.355893622498871,1.73407600497796e-30
"R.paraH","R.FUS",0.469907475151196,1.04202572900943e-54
"R.paraH","R.supP",0.117977468354656,0.000222479730055338
"R.paraH","R.supT",0.382293062667171,2.75708075847222e-35
"R.paraH","R.rosmidF",-0.142671900495217,7.74515069169371e-06
"R.paraH","R.preCEN",0.0599428482430026,0.0613455821309816
"R.paraH","L.latorbF",0.202631687700326,1.70939029714089e-10
"R.paraH","L.transT",0.301707323508012,5.73889161892697e-22
"R.paraH","L.posCG",0.122159871919158,0.000131369273812292
"R.paraH","R.transT",0.204101204128613,1.25345820224339e-10
"R.paraH","R.preCN",0.128920253616958,5.40864388933136e-05
"R.paraH","L.preCEN",0.0812752412041543,0.0111244810715969
"R.paraH","L.infP",0.166321062488463,1.75922040730106e-07
"R.paraH","R.infP",0.184192031426043,6.88705126998985e-09
"R.paraH","R.INS",0.350815961906328,1.29291189340445e-29
"R.paraH","R.caumidF",-0.125050133785091,9.03827079994626e-05
"R.paraH","R.paraCEN",0.0626594544051778,0.0504706665682725
"R.paraH","L.infT",0.368892666122881,8.55106437733036e-33
"R.paraH","R.supF",-0.0811791404214762,0.011220608037288
"R.paraH","L.paraH",0.510241322410494,9.57413900995548e-66
"R.paraH","L.midT",0.227898393574342,5.93463917516172e-13
"R.paraH","R.paraH",0.591837166618069,3.37996683407975e-93
"R.paraH","L.isthCG",0.130083384626848,4.6219685895424e-05
"R.paraH","L.parsTRI",0.0147538704980911,0.645427558653427
"R.paraH","R.infT",0.426285967649224,2.52901057475037e-44
"R.paraH","R.latorbF",0.185393702268947,5.47274370295864e-09
"R.paraH","L.rosmidF",-0.102991644041903,0.00128032049874844
"R.paraH","L.supF",-0.0113272176411608,0.723901123399556
"R.paraH","R.cauantCG",0.0114238079051713,0.721644121782866
"R.paraH","L.LG",0.260218587887424,1.4867428665674e-16
"R.paraH","R.isthCG",0.0977963091998071,0.00223488045083117
"R.paraH","L.medorbF",0.127031574709027,6.96156618577497e-05
"R.paraH","R.SM",0.1421170585298,8.4073490853191e-06
"R.paraH","L.supT",0.357064937016269,1.0852605082338e-30
"R.paraH","R.midT",0.299600725751501,1.13772955518512e-21
"R.paraH","L.postCEN",0.130158088044532,4.57533783026683e-05
"R.paraH","R.latO",0.268327687000007,1.53352674119929e-17
"R.paraH","R.parOP",0.106669327123043,0.000849937763710993
"R.paraH","L.paraCEN",0.0874687894294362,0.00627702573550707
"R.paraH","R.parsTRI",-2.15782063907197e-05,0.999463091591889
"R.paraH","R.medorbF",0.0391037706317943,0.222497056638422
"R.paraH","R.CN",0.219861952412907,3.87988968266422e-12
"R.paraH","L.INS",0.281989853311046,2.79194443976079e-19
"L.isthCG","L.cauantCG",0.3428833740785,2.77351403755673e-28
"L.isthCG","L.parsORB",0.16566539054974,1.96888658311248e-07
"L.isthCG","R.parsORB",0.138254188485095,1.47581033400261e-05
"L.isthCG","L.preCN",0.407890362229607,2.2253569817206e-40
"L.isthCG","R.ENT",0.155271087636811,1.10645760508082e-06
"L.isthCG","L.CN",0.354962639343946,2.5132355185025e-30
"L.isthCG","R.periCAL",0.173199453481317,5.25688342190333e-08
"L.isthCG","L.rosantCG",0.369740710220057,5.99498149035677e-33
"L.isthCG","L.caumidF",0.0588675299539073,0.0661547605216953
"L.isthCG","R.rosantCG",0.315371048140327,5.90171817240811e-24
"L.isthCG","L.latO",0.403209179247613,2.05353032802008e-39
"L.isthCG","L.FUS",0.544778695430663,1.90207891849141e-76
"L.isthCG","R.LG",0.366147713359695,2.67971085268564e-32
"L.isthCG","R.postCEN",0.266527868907607,2.55619167129662e-17
"L.isthCG","L.periCAL",0.170711089827641,8.1838494594336e-08
"L.isthCG","L.SM",0.212059911113504,2.24247991806079e-11
"L.isthCG","L.parOP",0.17887639163462,1.86948741006198e-08
"L.isthCG","L.supP",0.274591472669584,2.51328986077401e-18
"L.isthCG","R.posCG",0.400994747289488,5.80365281636989e-39
"L.isthCG","L.ENT",0.206795887992855,7.0535984319929e-11
"L.isthCG","R.FUS",0.498695704728577,1.96130094657363e-62
"L.isthCG","R.supP",0.216870888689526,7.6622317731093e-12
"L.isthCG","R.supT",0.352859805757494,5.78476694415584e-30
"L.isthCG","R.rosmidF",0.0996168398002203,0.00184385700446131
"L.isthCG","R.preCEN",0.236399827839728,7.5255836614603e-14
"L.isthCG","L.latorbF",0.287529251740168,5.15556395301383e-20
"L.isthCG","L.transT",0.325566655274636,1.65446381677066e-25
"L.isthCG","L.posCG",0.419627326392098,7.22942938139984e-43
"L.isthCG","R.transT",0.233606346971845,1.4967476382086e-13
"L.isthCG","R.preCN",0.330862000668899,2.44723502612781e-26
"L.isthCG","L.preCEN",0.212831581459962,1.89089129057183e-11
"L.isthCG","L.infP",0.327181941420203,9.27289812018663e-26
"L.isthCG","R.infP",0.30496002815811,1.97282892440303e-22
"L.isthCG","R.INS",0.53034941314611,7.96490469108951e-72
"L.isthCG","R.caumidF",0.102895776134732,0.00129384659722085
"L.isthCG","R.paraCEN",0.223301732231785,1.7523655837976e-12
"L.isthCG","L.infT",0.405569124210211,6.72797010532506e-40
"L.isthCG","R.supF",0.136682612030357,1.847620188112e-05
"L.isthCG","L.paraH",0.39975613866572,1.03416122601952e-38
"L.isthCG","L.midT",0.265844083382831,3.10068361843676e-17
"L.isthCG","R.paraH",0.378787692055528,1.26918770184269e-34
"L.isthCG","L.isthCG",0.305462342833002,1.67089796862785e-22
"L.isthCG","L.parsTRI",0.117012202981403,0.000250642152059138
"L.isthCG","R.infT",0.392285616990673,3.20187224337793e-37
"L.isthCG","R.latorbF",0.217824071305859,6.17505706858069e-12
"L.isthCG","L.rosmidF",0.0726778742373919,0.0232405808364783
"L.isthCG","L.supF",0.153051080367719,1.57716506120663e-06
"L.isthCG","R.cauantCG",0.288348923031642,4.00239461228057e-20
"L.isthCG","L.LG",0.364987124049692,4.32898800859287e-32
"L.isthCG","R.isthCG",0.323561180217954,3.37853957337988e-25
"L.isthCG","L.medorbF",0.250632367861359,1.97238271465173e-15
"L.isthCG","R.SM",0.266888897786758,2.30789784769001e-17
"L.isthCG","L.supT",0.328965067256847,4.87394846560643e-26
"L.isthCG","R.midT",0.317444984363079,2.88432396225581e-24
"L.isthCG","L.postCEN",0.243788222880985,1.16990368846215e-14
"L.isthCG","R.latO",0.337616188644462,2.02352764368531e-27
"L.isthCG","R.parOP",0.236994647861579,6.49322243271111e-14
"L.isthCG","L.paraCEN",0.29251952814479,1.08948069245199e-20
"L.isthCG","R.parsTRI",0.137244798271387,1.7054043768454e-05
"L.isthCG","R.medorbF",0.209402756468793,4.01409490477134e-11
"L.isthCG","R.CN",0.347983469326509,3.90294136391937e-29
"L.isthCG","L.INS",0.471898592874306,3.2133216285579e-55
"L.parsTRI","L.cauantCG",-0.0554435473784011,0.083570538265376
"L.parsTRI","L.parsORB",0.51130043308693,4.68732063974999e-66
"L.parsTRI","R.parsORB",0.507174858327798,7.46488173783917e-65
"L.parsTRI","L.preCN",0.273564535236728,3.39175566492423e-18
"L.parsTRI","R.ENT",0.178967194055942,1.83832439067766e-08
"L.parsTRI","L.CN",0.0724055558756918,0.0237635566973332
"L.parsTRI","R.periCAL",0.00364487151841871,0.909502996757731
"L.parsTRI","L.rosantCG",0.0771718698857669,0.0159440079107777
"L.parsTRI","L.caumidF",0.444948593607046,1.39306845414804e-48
"L.parsTRI","R.rosantCG",0.055971263886272,0.0806668888519899
"L.parsTRI","L.latO",0.148826678874057,3.05383933757703e-06
"L.parsTRI","L.FUS",0.244123676935499,1.07350079079395e-14
"L.parsTRI","R.LG",0.147850196248778,3.54871301854139e-06
"L.parsTRI","R.postCEN",0.354392034377799,3.15316482185208e-30
"L.parsTRI","L.periCAL",-0.00315452650861743,0.921635361811501
"L.parsTRI","L.SM",0.497069368457275,5.60904509507247e-62
"L.parsTRI","L.parOP",0.567449913441681,3.51838481474284e-84
"L.parsTRI","L.supP",0.314690259424485,7.4561000453993e-24
"L.parsTRI","R.posCG",0.117810496809317,0.000227128894060062
"L.parsTRI","L.ENT",0.164178222252838,2.53760719185501e-07
"L.parsTRI","R.FUS",0.258330645498812,2.49494248351972e-16
"L.parsTRI","R.supP",0.338447682879025,1.48239826297193e-27
"L.parsTRI","R.supT",0.449002447270808,1.52481675254715e-49
"L.parsTRI","R.rosmidF",0.457909524591319,1.06211767804064e-51
"L.parsTRI","R.preCEN",0.387429503507113,2.84537128466269e-36
"L.parsTRI","L.latorbF",0.452035671106722,2.85640181347669e-50
"L.parsTRI","L.transT",0.25392977347073,8.20478135372574e-16
"L.parsTRI","L.posCG",0.0375069537934494,0.241975376282101
"L.parsTRI","R.transT",0.264290918319329,4.7978678011631e-17
"L.parsTRI","R.preCN",0.336285575446188,3.32291344837746e-27
"L.parsTRI","L.preCEN",0.391453811775323,4.66705627707083e-37
"L.parsTRI","L.infP",0.386005751428631,5.36157143456088e-36
"L.parsTRI","R.infP",0.401833937491451,3.91844895532647e-39
"L.parsTRI","R.INS",0.0860089454194061,0.00720615390077179
"L.parsTRI","R.caumidF",0.389319495527255,1.22118538983047e-36
"L.parsTRI","R.paraCEN",0.42269626041297,1.55606016770947e-43
"L.parsTRI","L.infT",0.431048098467449,2.19460229824888e-45
"L.parsTRI","R.supF",0.482625063013122,4.96333539362918e-58
"L.parsTRI","L.paraH",0.10444304049016,0.00109083929764139
"L.parsTRI","L.midT",0.46005592016328,3.13875787488747e-52
"L.parsTRI","R.paraH",0.106953402881777,0.000823023079839903
"L.parsTRI","L.isthCG",0.0323427437154025,0.313036852753042
"L.parsTRI","L.parsTRI",0.566962561919801,5.2351616283735e-84
"L.parsTRI","R.infT",0.337108114221807,2.44615802731073e-27
"L.parsTRI","R.latorbF",0.461357209284133,1.49261928393608e-52
"L.parsTRI","L.rosmidF",0.527904162043289,4.59737079319261e-71
"L.parsTRI","L.supF",0.497808939288719,3.48075008472728e-62
"L.parsTRI","R.cauantCG",0.03056683553363,0.340363360380835
"L.parsTRI","L.LG",0.149838716416673,2.61100517719408e-06
"L.parsTRI","R.isthCG",0.0122777656628189,0.701797064596247
"L.parsTRI","L.medorbF",0.346162254593013,7.89439234249451e-29
"L.parsTRI","R.SM",0.470339009727023,8.08038304581755e-55
"L.parsTRI","L.supT",0.447297755374469,3.87978515453494e-49
"L.parsTRI","R.midT",0.421229612542253,3.24851492011977e-43
"L.parsTRI","L.postCEN",0.374180164482021,9.17997120090171e-34
"L.parsTRI","R.latO",0.163511548687496,2.8412358517347e-07
"L.parsTRI","R.parOP",0.450107294390906,8.30068240020998e-50
"L.parsTRI","L.paraCEN",0.357449693163882,9.30015877314935e-31
"L.parsTRI","R.parsTRI",0.531801856603512,2.79256632006362e-72
"L.parsTRI","R.medorbF",0.319584044360184,1.37016263251485e-24
"L.parsTRI","R.CN",0.0779428980991759,0.0149186330107855
"L.parsTRI","L.INS",0.192019583333951,1.4991936306648e-09
"R.infT","L.cauantCG",0.0729613640926301,0.0227067791858572
"R.infT","L.parsORB",-0.0463775233900974,0.147880487550119
"R.infT","R.parsORB",-0.0557833722121348,0.0816912009054813
"R.infT","L.preCN",0.0609115057732035,0.0572644420964542
"R.infT","R.ENT",0.335291573869222,4.80561363078984e-27
"R.infT","L.CN",0.104592944011811,0.00107282156663204
"R.infT","R.periCAL",0.0628753794160055,0.0496802544054168
"R.infT","L.rosantCG",0.249992609028285,2.33485915231641e-15
"R.infT","L.caumidF",-0.111982277345301,0.000459732021371588
"R.infT","R.rosantCG",0.123538347829391,0.00011002067600089
"R.infT","L.latO",0.182089312228948,1.02595408930816e-08
"R.infT","L.FUS",0.371433322129036,2.94154303697144e-33
"R.infT","R.LG",0.180312192207156,1.43168500943957e-08
"R.infT","R.postCEN",0.0701934195504785,0.0284025510202548
"R.infT","L.periCAL",0.0487163172994948,0.12848137827271
"R.infT","L.SM",0.0118278902265208,0.712228440126626
"R.infT","L.parOP",0.0239780156190141,0.454544387189623
"R.infT","L.supP",0.0544867928415642,0.0890500122046327
"R.infT","R.posCG",0.00457549101836036,0.886537278516982
"R.infT","L.ENT",0.330447564627382,2.84593685591243e-26
"R.infT","R.FUS",0.393372607207202,1.95368897512997e-37
"R.infT","R.supP",0.0435731231820145,0.173997488514124
"R.infT","R.supT",0.272394887901186,4.76455951623378e-18
"R.infT","R.rosmidF",-0.258392273601105,2.45329857881906e-16
"R.infT","R.preCEN",-0.0598292093418862,0.0618397498193404
"R.infT","L.latorbF",0.0564069833861223,0.0783315684305036
"R.infT","L.transT",0.209040019517234,4.3435666661411e-11
"R.infT","L.posCG",0.0321068285762462,0.316581496325539
"R.infT","R.transT",0.172935518660179,5.51124500103113e-08
"R.infT","R.preCN",0.0313622910214149,0.327939997097403
"R.infT","L.preCEN",-0.00460786762525763,0.885739888667026
"R.infT","L.infP",0.0578004071249697,0.0712297003402405
"R.infT","R.infP",0.0798795864902392,0.0125947380206389
"R.infT","R.INS",0.358330711927508,6.52567624576641e-31
"R.infT","R.caumidF",-0.186887733957854,4.10361714034292e-09
"R.infT","R.paraCEN",-0.0673398358959131,0.0355204297803294
"R.infT","L.infT",0.351097592305052,1.15768984885571e-29
"R.infT","R.supF",-0.227830302315823,6.03163217453311e-13
"R.infT","L.paraH",0.230971218625897,2.83997803035537e-13
"R.infT","L.midT",0.22053419376369,3.3251095425801e-12
"R.infT","R.paraH",0.283162428649433,1.95877008872653e-19
"R.infT","L.isthCG",0.0301166816869885,0.347525501654929
"R.infT","L.parsTRI",-0.0799177929821101,0.0125523070204533
"R.infT","R.infT",0.410098661263775,7.70475671146555e-41
"R.infT","R.latorbF",0.0447031900026048,0.16308722163848
"R.infT","L.rosmidF",-0.150001456815184,2.54580479224516e-06
"R.infT","L.supF",-0.127595065717618,6.45892699185401e-05
"R.infT","R.cauantCG",0.0168415752937948,0.599415895575978
"R.infT","L.LG",0.140432462599943,1.07651610845502e-05
"R.infT","R.isthCG",0.0372752829693777,0.244897925724493
"R.infT","L.medorbF",0.0639365684765213,0.0459448029247859
"R.infT","R.SM",0.0589437801960265,0.065803822192113
"R.infT","L.supT",0.29350001348471,7.99828814822244e-21
"R.infT","R.midT",0.29927164533367,1.26545419461321e-21
"R.infT","L.postCEN",0.0824050711414923,0.010047919265158
"R.infT","R.latO",0.240172016782486,2.93223011067418e-14
"R.infT","R.parOP",-0.0193262464386322,0.546678993393097
"R.infT","L.paraCEN",-0.0366003182781501,0.253553346264392
"R.infT","R.parsTRI",-0.141151764757041,9.69010273038028e-06
"R.infT","R.medorbF",-0.0681409906611623,0.0333830918077592
"R.infT","R.CN",0.141683052662606,8.96264158192051e-06
"R.infT","L.INS",0.326230468925904,1.30469550473225e-25
"R.latorbF","L.cauantCG",-0.0920626413445355,0.00401374741613472
"R.latorbF","L.parsORB",0.362610814217142,1.14872276944534e-31
"R.latorbF","R.parsORB",0.424043396259884,7.88898278998501e-44
"R.latorbF","L.preCN",0.131619580807235,3.74791058777351e-05
"R.latorbF","R.ENT",0.326599927636905,1.14284945605693e-25
"R.latorbF","L.CN",0.0559509180499375,0.0807773011340625
"R.latorbF","R.periCAL",0.0114321851552104,0.721448486241453
"R.latorbF","L.rosantCG",0.110650789620097,0.000537630899043314
"R.latorbF","L.caumidF",0.133553003019913,2.86933461025733e-05
"R.latorbF","R.rosantCG",0.0707715309233682,0.0271206558285233
"R.latorbF","L.latO",0.121694888028811,0.000139409832714522
"R.latorbF","L.FUS",0.314056021496012,9.26542839713989e-24
"R.latorbF","R.LG",0.179787547887401,1.57869073359242e-08
"R.latorbF","R.postCEN",0.155949062592306,9.91950569922222e-07
"R.latorbF","L.periCAL",0.00650637970044019,0.839210715579062
"R.latorbF","L.SM",0.169645536815661,9.87239141049432e-08
"R.latorbF","L.parOP",0.245105261211875,8.34054994561818e-15
"R.latorbF","L.supP",0.161974346506474,3.68068513513796e-07
"R.latorbF","R.posCG",-0.0135689943531051,0.672172926755387
"R.latorbF","L.ENT",0.349165173721318,2.46495169505276e-29
"R.latorbF","R.FUS",0.319935379070744,1.21178319149729e-24
"R.latorbF","R.supP",0.213003932832631,1.82006209632445e-11
"R.latorbF","R.supT",0.322766590633319,4.4764996109362e-25
"R.latorbF","R.rosmidF",0.230713449387628,3.02233524109661e-13
"R.latorbF","R.preCEN",0.100014540919382,0.00176726265796989
"R.latorbF","L.latorbF",0.406084351934098,5.26698586857052e-40
"R.latorbF","L.transT",0.179515163304235,1.66068275177433e-08
"R.latorbF","L.posCG",-0.0715445441620683,0.025484707917054
"R.latorbF","R.transT",0.202820328500379,1.642867677548e-10
"R.latorbF","R.preCN",0.149421115251563,2.7857163004024e-06
"R.latorbF","L.preCEN",0.127008848026519,6.98259415650197e-05
"R.latorbF","L.infP",0.164650272779974,2.34180507158283e-07
"R.latorbF","R.infP",0.22943235277071,4.11326242105483e-13
"R.latorbF","R.INS",0.165054177830551,2.18591207409455e-07
"R.latorbF","R.caumidF",0.116262620092169,0.000274778666683975
"R.latorbF","R.paraCEN",0.151742249624171,1.93919930736743e-06
"R.latorbF","L.infT",0.36776944342334,1.36643885008281e-32
"R.latorbF","R.supF",0.182249992605063,9.95341281378427e-09
"R.latorbF","L.paraH",0.197651961553174,4.80709084898877e-10
"R.latorbF","L.midT",0.239926082687862,3.11961228710684e-14
"R.latorbF","R.paraH",0.230751844484962,2.99446256177683e-13
"R.latorbF","L.isthCG",-0.0292850109216312,0.361007467914532
"R.latorbF","L.parsTRI",0.230624787422781,3.08767455013249e-13
"R.latorbF","R.infT",0.33748610333043,2.1242950818296e-27
"R.latorbF","R.latorbF",0.59301600694968,1.18401321912756e-93
"R.latorbF","L.rosmidF",0.228333351098711,5.35016398728301e-13
"R.latorbF","L.supF",0.222322492662914,2.20027213810644e-12
"R.latorbF","R.cauantCG",-0.0417050537475645,0.193212089343857
"R.latorbF","L.LG",0.14484710547129,5.59839579116456e-06
"R.latorbF","R.isthCG",-0.0512930462014173,0.109460228337915
"R.latorbF","L.medorbF",0.32119324660175,7.79555435010673e-25
"R.latorbF","R.SM",0.193196954223007,1.18526359645183e-09
"R.latorbF","L.supT",0.292242888164794,1.18848926227593e-20
"R.latorbF","R.midT",0.253128359258071,1.01661150810099e-15
"R.latorbF","L.postCEN",0.168584761755861,1.1885465942463e-07
"R.latorbF","R.latO",0.160018423506062,5.09867109585317e-07
"R.latorbF","R.parOP",0.237488824610173,5.74235110354569e-14
"R.latorbF","L.paraCEN",0.141288525843342,9.49763896373927e-06
"R.latorbF","R.parsTRI",0.286254359080873,7.63097035053495e-20
"R.latorbF","R.medorbF",0.27761573874178,1.0318992740888e-18
"R.latorbF","R.CN",0.0671007552145132,0.0361804144265672
"R.latorbF","L.INS",0.189252686179241,2.58907554101603e-09
"L.rosmidF","L.cauantCG",-0.00954010989804898,0.766073761790035
"L.rosmidF","L.parsORB",0.421955847733816,2.25734583298887e-43
"L.rosmidF","R.parsORB",0.403641600288808,1.67492213060372e-39
"L.rosmidF","L.preCN",0.187283316490973,3.8009168853202e-09
"L.rosmidF","R.ENT",-0.0595125272016529,0.0632342482176729
"L.rosmidF","L.CN",0.0339605796581683,0.289434028317418
"L.rosmidF","R.periCAL",-0.0309675324090909,0.334068133699889
"L.rosmidF","L.rosantCG",-0.0016573845696864,0.958779319450855
"L.rosmidF","L.caumidF",0.493573554790838,5.26639433794402e-61
"L.rosmidF","R.rosantCG",0.00467492205171432,0.884088801598942
"L.rosmidF","L.latO",0.0480436572439746,0.133846651936172
"L.rosmidF","L.FUS",-0.00452359024520131,0.887815759849059
"L.rosmidF","R.LG",0.0155129871686345,0.62852739100589
"L.rosmidF","R.postCEN",0.214920795272005,1.18775771926105e-11
"L.rosmidF","L.periCAL",0.000743621327700321,0.981498886432682
"L.rosmidF","L.SM",0.336239069226165,3.38087228173526e-27
"L.rosmidF","L.parOP",0.38711291062329,3.27673019263198e-36
"L.rosmidF","L.supP",0.228911413385386,4.65996669677746e-13
"L.rosmidF","R.posCG",0.12262081370801,0.000123830800481421
"L.rosmidF","L.ENT",-0.052485776167975,0.101443706188601
"L.rosmidF","R.FUS",-0.0267401709682435,0.4042586627362
"L.rosmidF","R.supP",0.284840287407487,1.17612485878562e-19
"L.rosmidF","R.supT",0.0541132725264722,0.0912661440789067
"L.rosmidF","R.rosmidF",0.493810721902842,4.52775821459246e-61
"L.rosmidF","R.preCEN",0.211307890109407,2.64625815496281e-11
"L.rosmidF","L.latorbF",0.299974044501904,1.00820235066656e-21
"L.rosmidF","L.transT",0.0503765322584963,0.115953561578418
"L.rosmidF","L.posCG",0.0356553019232846,0.266025553836299
"L.rosmidF","R.transT",0.0656023748321675,0.0405588035401417
"L.rosmidF","R.preCN",0.257273845434454,3.3274586725926e-16
"L.rosmidF","L.preCEN",0.255122925041863,5.95487312098e-16
"L.rosmidF","L.infP",0.232734742441015,1.85153899376616e-13
"L.rosmidF","R.infP",0.317734105195032,2.60917242574157e-24
"L.rosmidF","R.INS",-0.090507649824244,0.00467986245582393
"L.rosmidF","R.caumidF",0.418792897693693,1.09468315645541e-42
"L.rosmidF","R.paraCEN",0.277853958573135,9.6156656521998e-19
"L.rosmidF","L.infT",0.163194057941442,2.99786869532769e-07
"L.rosmidF","R.supF",0.502241337042365,1.94570295150603e-63
"L.rosmidF","L.paraH",-0.0900863875726535,0.00487675813957424
"L.rosmidF","L.midT",0.144883154267172,5.56814000348857e-06
"L.rosmidF","R.paraH",-0.106049825167851,0.000911482642036915
"L.rosmidF","L.isthCG",0.0432573796425752,0.177141021721358
"L.rosmidF","L.parsTRI",0.433105052991799,7.54290913374549e-46
"L.rosmidF","R.infT",0.0485086372102237,0.130119763826674
"L.rosmidF","R.latorbF",0.383443394587563,1.66373722621677e-35
"L.rosmidF","L.rosmidF",0.589691349804399,2.25600841875357e-92
"L.rosmidF","L.supF",0.532767148844942,1.38760559110912e-72
"L.rosmidF","R.cauantCG",0.0643045297739986,0.044705980147508
"L.rosmidF","L.LG",0.0313489275253642,0.328146250324446
"L.rosmidF","R.isthCG",0.0664721523807062,0.0379656649780002
"L.rosmidF","L.medorbF",0.27957623804284,5.76015726886828e-19
"L.rosmidF","R.SM",0.314548399839587,7.82772573932969e-24
"L.rosmidF","L.supT",0.0805469061665141,0.011871579277783
"L.rosmidF","R.midT",0.0914180895019709,0.00427866489224504
"L.rosmidF","L.postCEN",0.243836861687956,1.15541605505876e-14
"L.rosmidF","R.latO",0.0878966213241108,0.00602592574572945
"L.rosmidF","R.parOP",0.244267666774833,1.03455606099311e-14
"L.rosmidF","L.paraCEN",0.239684138334883,3.31541171275863e-14
"L.rosmidF","R.parsTRI",0.384081324109216,1.25618997941475e-35
"L.rosmidF","R.medorbF",0.275102017569375,2.16429153901309e-18
"L.rosmidF","R.CN",0.0281245458310247,0.380358661330717
"L.rosmidF","L.INS",0.00917838188748277,0.774699467100121
"L.supF","L.cauantCG",0.0260397755304199,0.416684677240899
"L.supF","L.parsORB",0.415706912300336,5.02658904097876e-42
"L.supF","R.parsORB",0.417027291105563,2.62348989912582e-42
"L.supF","L.preCN",0.205971084916085,8.41789095360664e-11
"L.supF","R.ENT",0.0628098681565426,0.0499189611919176
"L.supF","L.CN",0.0332351243363505,0.299865636367897
"L.supF","R.periCAL",-0.0876625799805885,0.00616214509213885
"L.supF","L.rosantCG",0.0420406129957767,0.189650526887988
"L.supF","L.caumidF",0.469687340327598,1.1862021001932e-54
"L.supF","R.rosantCG",0.037047448746807,0.247796110370172
"L.supF","L.latO",0.0552031525420023,0.0849209916766521
"L.supF","L.FUS",0.10545856616344,0.000974043577315914
"L.supF","R.LG",0.00962038886087473,0.764163320930348
"L.supF","R.postCEN",0.200912001180353,2.45032051271415e-10
"L.supF","L.periCAL",-0.0482765742310454,0.131969607751275
"L.supF","L.SM",0.323321071538503,3.67871976312005e-25
"L.supF","L.parOP",0.371014681759376,3.50934005608962e-33
"L.supF","L.supP",0.242861655828831,1.48257768034928e-14
"L.supF","R.posCG",0.127013807908721,6.97799989014918e-05
"L.supF","L.ENT",0.0376862531369111,0.239730380314938
"L.supF","R.FUS",0.0877713883964428,0.00609847452202015
"L.supF","R.supP",0.287280542079364,5.5663200499998e-20
"L.supF","R.supT",0.142146641410612,8.37071919463707e-06
"L.supF","R.rosmidF",0.420791487241145,4.04453785522959e-43
"L.supF","R.preCEN",0.269154797127044,1.21101834375492e-17
"L.supF","L.latorbF",0.324728286575944,2.23132723242865e-25
"L.supF","L.transT",0.052350647190088,0.102327784276828
"L.supF","L.posCG",0.0861790988653137,0.00709185293739736
"L.supF","R.transT",0.0523537970557908,0.102307106901449
"L.supF","R.preCN",0.251905102930245,1.40803718785904e-15
"L.supF","L.preCEN",0.302566384107049,4.33433272525615e-22
"L.supF","L.infP",0.22234819973639,2.18719376456142e-12
"L.supF","R.infP",0.31208495206214,1.81401437193379e-23
"L.supF","R.INS",0.00382076019103857,0.905156050764885
"L.supF","R.caumidF",0.426669469704543,2.08010841778675e-44
"L.supF","R.paraCEN",0.288905623964209,3.36847682105752e-20
"L.supF","L.infT",0.206400237236039,7.67869630820529e-11
"L.supF","R.supF",0.513225644366051,1.27143671650724e-66
"L.supF","L.paraH",-0.00145032341288107,0.963925365755208
"L.supF","L.midT",0.161147361336817,4.22644534593024e-07
"L.supF","R.paraH",0.0320610273838186,0.317272699111408
"L.supF","L.isthCG",0.0692608626801215,0.030580217654746
"L.supF","L.parsTRI",0.377397563190023,2.31338350198072e-34
"L.supF","R.infT",0.131406298465774,3.85912463664617e-05
"L.supF","R.latorbF",0.404682015806738,1.02449576740297e-39
"L.supF","L.rosmidF",0.495869090371358,1.21369144658077e-61
"L.supF","L.supF",0.564233636505908,4.78663224121728e-83
"L.supF","R.cauantCG",0.0628091266095383,0.0499216686915571
"L.supF","L.LG",0.0179830192383097,0.574903462581035
"L.supF","R.isthCG",0.0683264595736911,0.0329042613424484
"L.supF","L.medorbF",0.232598356544123,1.91405810248423e-13
"L.supF","R.SM",0.303626743381893,3.06116469897441e-22
"L.supF","L.supT",0.130245795356512,4.52115841522112e-05
"L.supF","R.midT",0.145929908725537,4.75473821170815e-06
"L.supF","L.postCEN",0.249371989343591,2.74878600046459e-15
"L.supF","R.latO",0.0888478796274693,0.00549971408409189
"L.supF","R.parOP",0.261968757057564,9.16608926254346e-17
"L.supF","L.paraCEN",0.278559053004736,7.79938570706638e-19
"L.supF","R.parsTRI",0.337819604827006,1.87536432057913e-27
"L.supF","R.medorbF",0.23745854504219,5.78579942327631e-14
"L.supF","R.CN",0.0156677420403555,0.625105441539082
"L.supF","L.INS",0.0533930770055817,0.0956639825360725
"R.cauantCG","L.cauantCG",0.0446883109122157,0.163227445804725
"R.cauantCG","L.parsORB",0.263631590632187,5.76970425001329e-17
"R.cauantCG","R.parsORB",0.280858978477939,3.92338965556353e-19
"R.cauantCG","L.preCN",0.0583852599533927,0.0684102130411748
"R.cauantCG","R.ENT",0.171401508191433,7.24270793082566e-08
"R.cauantCG","L.CN",-0.127001412905835,6.9894865523898e-05
"R.cauantCG","R.periCAL",-0.261258689747602,1.11582155454982e-16
"R.cauantCG","L.rosantCG",0.127145804203327,6.85677765947314e-05
"R.cauantCG","L.caumidF",0.143772390036682,6.57609019631609e-06
"R.cauantCG","R.rosantCG",0.226387703766783,8.49311497562469e-13
"R.cauantCG","L.latO",-0.0278248654340979,0.385457489815374
"R.cauantCG","L.FUS",0.260824878781968,1.25790618028446e-16
"R.cauantCG","R.LG",-0.0742164579920196,0.0204693180318747
"R.cauantCG","R.postCEN",0.0825421895757262,0.00992378191997262
"R.cauantCG","L.periCAL",-0.28125347775457,3.4849410696322e-19
"R.cauantCG","L.SM",0.185464994130321,5.39835952050368e-09
"R.cauantCG","L.parOP",0.238590462837882,4.36193637373559e-14
"R.cauantCG","L.supP",0.0664516533294822,0.0380251205238995
"R.cauantCG","R.posCG",0.0834579543087333,0.00912912563383472
"R.cauantCG","L.ENT",0.213438213259859,1.65289511880075e-11
"R.cauantCG","R.FUS",0.21054214626459,3.13019851933443e-11
"R.cauantCG","R.supP",0.0260684398772913,0.416171756932578
"R.cauantCG","R.supT",0.360201078603525,3.06456509873135e-31
"R.cauantCG","R.rosmidF",0.16656606750559,1.68654674055086e-07
"R.cauantCG","R.preCEN",0.165384061813618,2.06606316991856e-07
"R.cauantCG","L.latorbF",0.228113503407508,5.63816083838502e-13
"R.cauantCG","L.transT",0.0950886662438102,0.00295798801807929
"R.cauantCG","L.posCG",0.055824538474459,0.0814658818475175
"R.cauantCG","R.transT",0.0686142752894502,0.0321728272282889
"R.cauantCG","R.preCN",0.0193561295563218,0.546058951620405
"R.cauantCG","L.preCEN",0.141470710564276,9.24690837681367e-06
"R.cauantCG","L.infP",0.107167905986641,0.000803225562452552
"R.cauantCG","R.infP",0.107844265531572,0.000743653336930258
"R.cauantCG","R.INS",0.146528249203847,4.34219632097573e-06
"R.cauantCG","R.caumidF",0.158264087338777,6.80703688996915e-07
"R.cauantCG","R.paraCEN",0.0856322621199201,0.00746508400973079
"R.cauantCG","L.infT",0.303390320903204,3.30838719911197e-22
"R.cauantCG","R.supF",0.232963083926866,1.75132297105993e-13
"R.cauantCG","L.paraH",0.169641003295352,9.88024875160869e-08
"R.cauantCG","L.midT",0.265388807532257,3.52501649133657e-17
"R.cauantCG","R.paraH",0.169366038669926,1.0368275796881e-07
"R.cauantCG","L.isthCG",0.0250473029423813,0.434672490350714
"R.cauantCG","L.parsTRI",0.185524543886124,5.33698036423438e-09
"R.cauantCG","R.infT",0.263498744911508,5.98778949473584e-17
"R.cauantCG","R.latorbF",0.268621991694679,1.41008691814524e-17
"R.cauantCG","L.rosmidF",0.115195359996982,0.0003129172506334
"R.cauantCG","L.supF",0.192013197492053,1.50109936697754e-09
"R.cauantCG","R.cauantCG",0.187120545795322,3.92274600593503e-09
"R.cauantCG","L.LG",-0.115485904244023,0.000302071605872001
"R.cauantCG","R.isthCG",-0.0377617544371512,0.238789433747721
"R.cauantCG","L.medorbF",0.145597979317974,4.99949564499916e-06
"R.cauantCG","R.SM",0.16518549705156,2.13742042516286e-07
"R.cauantCG","L.supT",0.310714231453391,2.88570811678036e-23
"R.cauantCG","R.midT",0.302757158011156,4.07187843444658e-22
"R.cauantCG","L.postCEN",0.0864742176755434,0.00689745496880198
"R.cauantCG","R.latO",-0.0577087815889058,0.0716799116910524
"R.cauantCG","R.parOP",0.282592116947257,2.32776777158669e-19
"R.cauantCG","L.paraCEN",0.0648083030901581,0.0430556386927899
"R.cauantCG","R.parsTRI",0.257691928160517,2.96967410308491e-16
"R.cauantCG","R.medorbF",0.223658266304039,1.61256933976615e-12
"R.cauantCG","R.CN",-0.129473879940493,5.01959966002628e-05
"R.cauantCG","L.INS",0.176514106720287,2.88624578452615e-08
"L.LG","L.cauantCG",0.143410367143185,6.94068928320012e-06
"L.LG","L.parsORB",0.106199070336839,0.000896289792443068
"L.LG","R.parsORB",0.0822335533128327,0.0102051420934521
"L.LG","L.preCN",0.309044949822905,5.06230593686496e-23
"L.LG","R.ENT",0.27610442790674,1.61227120729629e-18
"L.LG","L.CN",0.394011076894341,1.4603623360907e-37
"L.LG","R.periCAL",0.334844652367856,5.67022273277081e-27
"L.LG","L.rosantCG",0.217014717348013,7.41724011951324e-12
"L.LG","L.caumidF",-0.0993013178728143,0.00190677780499956
"L.LG","R.rosantCG",0.0967555113080202,0.00249116393057492
"L.LG","L.latO",0.409964599355114,8.21906188944336e-41
"L.LG","L.FUS",0.477518954756178,1.11285347273791e-56
"L.LG","R.LG",0.502851537577273,1.3037273511975e-63
"L.LG","R.postCEN",0.17283458213326,5.61163491241285e-08
"L.LG","L.periCAL",0.328924735210808,4.94560767514451e-26
"L.LG","L.SM",0.0696171526735855,0.0297318843274043
"L.LG","L.parOP",0.104745403552867,0.00105477888516962
"L.LG","L.supP",0.210719521834196,3.01093261907137e-11
"L.LG","R.posCG",0.20423395925939,1.2186762420484e-10
"L.LG","L.ENT",0.279190665900961,6.46238537648795e-19
"L.LG","R.FUS",0.481709346520282,8.7032705262818e-58
"L.LG","R.supP",0.160753019416856,4.51337350252224e-07
"L.LG","R.supT",0.317699521258055,2.64066674005686e-24
"L.LG","R.rosmidF",-0.0765667162094997,0.0167916197170252
"L.LG","R.preCEN",0.144266371676017,6.10800284674388e-06
"L.LG","L.latorbF",0.25206908405286,1.34801617214281e-15
"L.LG","L.transT",0.399249584385787,1.30884323045281e-38
"L.LG","L.posCG",0.283792784333579,1.61783200826915e-19
"L.LG","R.transT",0.302134339861277,4.99209660497532e-22
"L.LG","R.preCN",0.261532541708913,1.03439188473866e-16
"L.LG","L.preCEN",0.157703731294792,7.46033159452572e-07
"L.LG","L.infP",0.224053235344593,1.47044214678623e-12
"L.LG","R.infP",0.181957642357232,1.05171917097502e-08
"L.LG","R.INS",0.409413275224658,1.07175937600044e-40
"L.LG","R.caumidF",-0.0627685126569637,0.0500701442020323
"L.LG","R.paraCEN",0.169652781766256,9.85984724754252e-08
"L.LG","L.infT",0.319881241444826,1.23495143929447e-24
"L.LG","R.supF",-0.0193222949181681,0.546761009143181
"L.LG","L.paraH",0.324172013410168,2.71977720230531e-25
"L.LG","L.midT",0.171543241574019,7.0628938163338e-08
"L.LG","R.paraH",0.371846597957235,2.47056594131939e-33
"L.LG","L.isthCG",0.314303688969224,8.51231894632015e-24
"L.LG","L.parsTRI",0.048941165042049,0.126725654660077
"L.LG","R.infT",0.347148635063849,5.39358639639482e-29
"L.LG","R.latorbF",0.211493870214016,2.5402411521338e-11
"L.LG","L.rosmidF",-0.092685286111805,0.00377204360004267
"L.LG","L.supF",0.0228799284027751,0.475473024905604
"L.LG","R.cauantCG",0.0766447314662954,0.0166801748066796
"L.LG","L.LG",0.495637747870289,1.40787965568944e-61
"L.LG","R.isthCG",0.257393869186104,3.2206154734103e-16
"L.LG","L.medorbF",0.158604392495509,6.43753813082493e-07
"L.LG","R.SM",0.128955671121379,5.38292469747886e-05
"L.LG","L.supT",0.317201702219593,3.13794300488639e-24
"L.LG","R.midT",0.214491505157336,1.30735049316524e-11
"L.LG","L.postCEN",0.161155166264979,4.22094765735819e-07
"L.LG","R.latO",0.356906927478616,1.15621981720973e-30
"L.LG","R.parOP",0.109787060391452,0.000594551783720863
"L.LG","L.paraCEN",0.217310021040389,6.93801273618604e-12
"L.LG","R.parsTRI",0.0446532793261972,0.163557950378117
"L.LG","R.medorbF",0.115472835186978,0.000302551810083388
"L.LG","R.CN",0.414171094036555,1.06699202794496e-41
"L.LG","L.INS",0.29358609465269,7.78373529890694e-21
"R.isthCG","L.cauantCG",0.349568636612416,2.10605759443406e-29
"R.isthCG","L.parsORB",0.210373447833612,3.2479068079021e-11
"R.isthCG","R.parsORB",0.165706236030734,1.95514970968383e-07
"R.isthCG","L.preCN",0.42413237599781,7.542033319504e-44
"R.isthCG","R.ENT",0.161732232526817,3.83300806484048e-07
"R.isthCG","L.CN",0.332857161763075,1.17949462184127e-26
"R.isthCG","R.periCAL",0.16328449842417,2.95242186364963e-07
"R.isthCG","L.rosantCG",0.349462082913235,2.19547192512288e-29
"R.isthCG","L.caumidF",0.14539606502215,5.15422748610846e-06
"R.isthCG","R.rosantCG",0.321237793707492,7.67442116761769e-25
"R.isthCG","L.latO",0.372142948438727,2.17966364283173e-33
"R.isthCG","L.FUS",0.518074147445052,4.58237234486132e-68
"R.isthCG","R.LG",0.371150848892493,3.31364930614229e-33
"R.isthCG","R.postCEN",0.295803575609407,3.85115232664338e-21
"R.isthCG","L.periCAL",0.179526042468219,1.65733020737376e-08
"R.isthCG","L.SM",0.288202175175346,4.18824700423879e-20
"R.isthCG","L.parOP",0.234764029762576,1.12684615069925e-13
"R.isthCG","L.supP",0.320958547987259,8.46567358872268e-25
"R.isthCG","R.posCG",0.365953779041827,2.90371593568822e-32
"R.isthCG","L.ENT",0.177393636645307,2.45699853389581e-08
"R.isthCG","R.FUS",0.484213503423891,1.86603731023077e-58
"R.isthCG","R.supP",0.271106833360361,6.91406032673157e-18
"R.isthCG","R.supT",0.34746604564522,4.76995112744127e-29
"R.isthCG","R.rosmidF",0.134469225598586,2.52492759452491e-05
"R.isthCG","R.preCEN",0.232985210771714,1.74189944140675e-13
"R.isthCG","L.latorbF",0.298500774780722,1.62275776201606e-21
"R.isthCG","L.transT",0.294681340400723,5.50281275170069e-21
"R.isthCG","L.posCG",0.434499330560918,3.64186902653831e-46
"R.isthCG","R.transT",0.210106703776459,3.44290561125439e-11
"R.isthCG","R.preCN",0.371885684071167,2.43009848548606e-33
"R.isthCG","L.preCEN",0.23568027759734,8.99132921919768e-14
"R.isthCG","L.infP",0.369503963051965,6.6205036077781e-33
"R.isthCG","R.infP",0.360376087648484,2.85457841966978e-31
"R.isthCG","R.INS",0.506332247012059,1.30773774641082e-64
"R.isthCG","R.caumidF",0.158021198842591,7.08315261585409e-07
"R.isthCG","R.paraCEN",0.257914077449142,2.79525596473282e-16
"R.isthCG","L.infT",0.42135750884027,3.04700023105938e-43
"R.isthCG","R.supF",0.175253981961419,3.63004199285997e-08
"R.isthCG","L.paraH",0.340382884387601,7.15868669345653e-28
"R.isthCG","L.midT",0.283279013472839,1.89077260519923e-19
"R.isthCG","R.paraH",0.365365012524332,3.70389112348062e-32
"R.isthCG","L.isthCG",0.307445724243915,8.64435174989765e-23
"R.isthCG","L.parsTRI",0.168526153187724,1.20075495370765e-07
"R.isthCG","R.infT",0.421283276125714,3.16239869618407e-43
"R.isthCG","R.latorbF",0.247378873852797,4.62871632524058e-15
"R.isthCG","L.rosmidF",0.149964296455022,2.56055381576273e-06
"R.isthCG","L.supF",0.218507773993887,5.28631235441128e-12
"R.isthCG","R.cauantCG",0.292177608466974,1.21311860726095e-20
"R.isthCG","L.LG",0.347334088987186,5.02002871312407e-29
"R.isthCG","R.isthCG",0.254352000874051,7.32642611517474e-16
"R.isthCG","L.medorbF",0.258629508069942,2.29928213336023e-16
"R.isthCG","R.SM",0.330181134542399,3.13553845557955e-26
"R.isthCG","L.supT",0.319799441601511,1.27079143138975e-24
"R.isthCG","R.midT",0.330026738655776,3.31651802146634e-26
"R.isthCG","L.postCEN",0.280483151472045,4.39151568914334e-19
"R.isthCG","R.latO",0.374795136702647,7.06231102533069e-34
"R.isthCG","R.parOP",0.246499381781395,5.81691284592154e-15
"R.isthCG","L.paraCEN",0.317138177665845,3.20772073293783e-24
"R.isthCG","R.parsTRI",0.163234011366961,2.97770932941795e-07
"R.isthCG","R.medorbF",0.19139976854329,1.69558521454555e-09
"R.isthCG","R.CN",0.325188393977504,1.89373719953889e-25
"R.isthCG","L.INS",0.469492100532718,1.3305765134597e-54
"L.medorbF","L.cauantCG",-0.0562688432089768,0.0790659331846076
"L.medorbF","L.parsORB",0.246497548662275,5.81967832175727e-15
"L.medorbF","R.parsORB",0.334552435820417,6.31706850944446e-27
"L.medorbF","L.preCN",-0.0572073230690578,0.0741852832722561
"L.medorbF","R.ENT",0.116462989891858,0.000268122123892491
"L.medorbF","L.CN",-0.145425923355336,5.13106128985873e-06
"L.medorbF","R.periCAL",-0.184882055550107,6.03657615869141e-09
"L.medorbF","L.rosantCG",0.0539947616607975,0.0919784598177074
"L.medorbF","L.caumidF",0.0523344380155411,0.102434242335478
"L.medorbF","R.rosantCG",0.160365521956179,4.81354529631625e-07
"L.medorbF","L.latO",-0.151113382168383,2.14030898983236e-06
"L.medorbF","L.FUS",0.0871368250550779,0.00647829674425723
"L.medorbF","R.LG",-0.077006768381074,0.0161714489086916
"L.medorbF","R.postCEN",-0.0375320581297072,0.24166016030945
"L.medorbF","L.periCAL",-0.189002366712086,2.71917940616722e-09
"L.medorbF","L.SM",0.0392204198532131,0.221119389131021
"L.medorbF","L.parOP",0.103797054279076,0.0011717261009331
"L.medorbF","L.supP",-0.0379796906995777,0.236087974619769
"L.medorbF","R.posCG",-0.00368700404862176,0.908461474027772
"L.medorbF","L.ENT",0.139396279085055,1.25155427312886e-05
"L.medorbF","R.FUS",0.0432351551411675,0.177363869207261
"L.medorbF","R.supP",-0.0137488950108062,0.668084314629273
"L.medorbF","R.supT",0.13969830298251,1.19791598050698e-05
"L.medorbF","R.rosmidF",0.219233429100698,4.47999998788604e-12
"L.medorbF","R.preCEN",-0.0486665684043765,0.128872381027368
"L.medorbF","L.latorbF",0.233566311766706,1.51147240477223e-13
"L.medorbF","L.transT",-0.0527925413800015,0.0994592446099746
"L.medorbF","L.posCG",-0.0767900480937092,0.0164743176500437
"L.medorbF","R.transT",-0.0303400257780604,0.343960117638364
"L.medorbF","R.preCN",-0.0448931706198447,0.161304762142614
"L.medorbF","L.preCEN",-0.0694504549263924,0.0301262462179491
"L.medorbF","L.infP",-0.027249388864872,0.39536499283672
"L.medorbF","R.infP",0.010732066264999,0.737860137776309
"L.medorbF","R.INS",0.0277165922385217,0.387309881160848
"L.medorbF","R.caumidF",0.0704141208722457,0.0279071489624244
"L.medorbF","R.paraCEN",-0.0387675605581311,0.226502110898831
"L.medorbF","L.infT",0.156805439547889,8.63518086004021e-07
"L.medorbF","R.supF",0.161241187282206,4.16081013960088e-07
"L.medorbF","L.paraH",0.121995860958805,0.000134154214427283
"L.medorbF","L.midT",0.0765799112378299,0.0167727248655532
"L.medorbF","R.paraH",0.103930081993265,0.00115462993638688
"L.medorbF","L.isthCG",-0.0908144197536243,0.00454103269164791
"L.medorbF","L.parsTRI",0.144546624204727,5.8567763470913e-06
"L.medorbF","R.infT",0.088509606623424,0.0056818957150419
"L.medorbF","R.latorbF",0.405134945032582,8.26677435450057e-40
"L.medorbF","L.rosmidF",0.165593696607952,1.99322373703859e-07
"L.medorbF","L.supF",0.117003667146371,0.000250905464333409
"L.medorbF","R.cauantCG",0.0327797133395431,0.306540532553694
"L.medorbF","L.LG",-0.105867386922936,0.000930378089732291
"L.medorbF","R.isthCG",-0.0629047093652372,0.0495736935216466
"L.medorbF","L.medorbF",0.308846476761814,5.41086313900166e-23
"L.medorbF","R.SM",0.00157318982918245,0.960871598436807
"L.medorbF","L.supT",0.0934524577721858,0.00349243134139452
"L.medorbF","R.midT",0.0963351757288089,0.00260207028743134
"L.medorbF","L.postCEN",-0.02026884943076,0.527290383356036
"L.medorbF","R.latO",-0.139929284058537,1.15838045724896e-05
"L.medorbF","R.parOP",0.156782157412906,8.66787941010035e-07
"L.medorbF","L.paraCEN",-0.0403762611649551,0.207797554591164
"L.medorbF","R.parsTRI",0.233970809736052,1.36901213721297e-13
"L.medorbF","R.medorbF",0.334924425963809,5.50533373379822e-27
"L.medorbF","R.CN",-0.149513368309443,2.7461823598369e-06
"L.medorbF","L.INS",0.0750952590996647,0.0190192876647747
"R.SM","L.cauantCG",0.0716702546381908,0.0252268873077152
"R.SM","L.parsORB",0.328868608579185,5.04706782017039e-26
"R.SM","R.parsORB",0.294384477685354,6.04602476387766e-21
"R.SM","L.preCN",0.342696445853328,2.97814268942213e-28
"R.SM","R.ENT",0.245131582818791,8.28416756288151e-15
"R.SM","L.CN",0.171570639621399,7.02863601509827e-08
"R.SM","R.periCAL",0.0939801460703879,0.00331118127910909
"R.SM","L.rosantCG",0.201085519329907,2.36323363903138e-10
"R.SM","L.caumidF",0.436604658131649,1.2051513501845e-46
"R.SM","R.rosantCG",0.03029132685216,0.344735535082894
"R.SM","L.latO",0.300199871177459,9.37038669515226e-22
"R.SM","L.FUS",0.350381981493301,1.53251131120892e-29
"R.SM","R.LG",0.209163902619229,4.22817839895048e-11
"R.SM","R.postCEN",0.449261523549904,1.32243684515658e-49
"R.SM","L.periCAL",0.0946747284737494,0.00308565048440968
"R.SM","L.SM",0.518149634337419,4.34946882970873e-68
"R.SM","L.parOP",0.463276609536445,4.95740299238767e-53
"R.SM","L.supP",0.411484442698335,3.94386752672105e-41
"R.SM","R.posCG",0.108965608308668,0.000653837437628755
"R.SM","L.ENT",0.200361713837787,2.74771348705508e-10
"R.SM","R.FUS",0.376647243189184,3.19482286509878e-34
"R.SM","R.supP",0.429878327113961,4.01514136209389e-45
"R.SM","R.supT",0.451693710906848,3.45296819778656e-50
"R.SM","R.rosmidF",0.203739995678659,1.35307220286935e-10
"R.SM","R.preCEN",0.362056538642435,1.44065690696556e-31
"R.SM","L.latorbF",0.285312633515088,1.01816195934918e-19
"R.SM","L.transT",0.304066538294781,2.64886571169151e-22
"R.SM","L.posCG",0.0859517646206771,0.00724493421605212
"R.SM","R.transT",0.328286427335011,6.22890578167226e-26
"R.SM","R.preCN",0.357424452188369,9.39488398464636e-31
"R.SM","L.preCEN",0.413813788646255,1.27047948586285e-41
"R.SM","L.infP",0.430235280482475,3.34007261421882e-45
"R.SM","R.infP",0.507011610921337,8.32245378028934e-65
"R.SM","R.INS",0.231220809557757,2.67370725030765e-13
"R.SM","R.caumidF",0.300594329319562,8.24443915892938e-22
"R.SM","R.paraCEN",0.363601764823817,7.65433424725548e-32
"R.SM","L.infT",0.489013794617562,9.40452918840611e-60
"R.SM","R.supF",0.253091066502184,1.02678334500565e-15
"R.SM","L.paraH",0.167349486898866,1.47310297033854e-07
"R.SM","L.midT",0.475304594629344,4.21807331086057e-56
"R.SM","R.paraH",0.209519791528488,3.91309965326936e-11
"R.SM","L.isthCG",0.080894459880517,0.0115097026620553
"R.SM","L.parsTRI",0.365528918117853,3.46141418507708e-32
"R.SM","R.infT",0.451985915440626,2.93636844624455e-50
"R.SM","R.latorbF",0.286721763678108,6.61064976085691e-20
"R.SM","L.rosmidF",0.36660074821807,2.22098953993973e-32
"R.SM","L.supF",0.399045670212302,1.43885937329022e-38
"R.SM","R.cauantCG",0.0670484212242283,0.0363262671281769
"R.SM","L.LG",0.215681048299192,1.00167429744368e-11
"R.SM","R.isthCG",0.0680672552983235,0.0335751035142794
"R.SM","L.medorbF",0.22899087902723,4.57218814352799e-13
"R.SM","R.SM",0.578607837547419,3.2725917223366e-88
"R.SM","L.supT",0.481638755856899,9.08770475335313e-58
"R.SM","R.midT",0.478579199264246,5.85947970463734e-57
"R.SM","L.postCEN",0.450941477636867,5.23679074977223e-50
"R.SM","R.latO",0.358879125917354,5.23122616459552e-31
"R.SM","R.parOP",0.343363598574075,2.30946724475857e-28
"R.SM","L.paraCEN",0.339183373164533,1.12472835017317e-27
"R.SM","R.parsTRI",0.292349269859064,1.14940626537537e-20
"R.SM","R.medorbF",0.0640697091123713,0.0454932628200858
"R.SM","R.CN",0.184976097055686,5.92887609873922e-09
"R.SM","L.INS",0.321641898073874,6.6572594467494e-25
"L.supT","L.cauantCG",-0.0532529976734802,0.0965387369451535
"L.supT","L.parsORB",0.276502009256092,1.43407471178645e-18
"L.supT","R.parsORB",0.251732729575983,1.47396345273713e-15
"L.supT","L.preCN",0.152113031457973,1.82925595291799e-06
"L.supT","R.ENT",0.368949231545487,8.35116491504183e-33
"L.supT","L.CN",0.017549534783819,0.584156681002115
"L.supT","R.periCAL",-0.0598118240996775,0.0619156402451629
"L.supT","L.rosantCG",0.171801730928208,6.74600949240265e-08
"L.supT","L.caumidF",0.121395167102516,0.000144835564319126
"L.supT","R.rosantCG",0.101364315809583,0.00152856309380645
"L.supT","L.latO",0.17351446312607,4.96815052639454e-08
"L.supT","L.FUS",0.444397492900144,1.87751215195503e-48
"L.supT","R.LG",0.126551969311992,7.41826669592422e-05
"L.supT","R.postCEN",0.286359245160753,7.38927468333699e-20
"L.supT","L.periCAL",-0.110222086865627,0.000565217409018459
"L.supT","L.SM",0.330276564393459,3.02860235103469e-26
"L.supT","L.parOP",0.346420407841202,7.14623003435303e-29
"L.supT","L.supP",0.186225977551189,4.66312117757742e-09
"L.supT","R.posCG",-0.00323367356335844,0.919675757509755
"L.supT","L.ENT",0.390314830605066,7.80463342105744e-37
"L.supT","R.FUS",0.443025503565119,3.93749831112996e-48
"L.supT","R.supP",0.176644427313381,2.81834442245916e-08
"L.supT","R.supT",0.612845903053852,1.31557256985764e-101
"L.supT","R.rosmidF",0.0460993002409961,0.150329560689544
"L.supT","R.preCEN",0.273811700451273,3.15604200290121e-18
"L.supT","L.latorbF",0.273487234361294,3.4689763851654e-18
"L.supT","L.transT",0.304853279798232,2.04362820603521e-22
"L.supT","L.posCG",-0.0231227932949989,0.470799260943218
"L.supT","R.transT",0.299367773527404,1.22674666833579e-21
"L.supT","R.preCN",0.149147480415998,2.90621235437572e-06
"L.supT","L.preCEN",0.274482654850077,2.59455797205872e-18
"L.supT","L.infP",0.260784116613168,1.27213846049586e-16
"L.supT","R.infP",0.250793722034699,1.89007565004288e-15
"L.supT","R.INS",0.317079076854526,3.27401626397546e-24
"L.supT","R.caumidF",0.0763036602092318,0.0171722203558435
"L.supT","R.paraCEN",0.202792050030717,1.65267643083637e-10
"L.supT","L.infT",0.552532088486825,5.02706303525363e-79
"L.supT","R.supF",0.0900647957016686,0.00488704877895757
"L.supT","L.paraH",0.275520816555277,1.91405284704635e-18
"L.supT","L.midT",0.563253281917349,1.05467369676699e-82
"L.supT","R.paraH",0.305440183901519,1.68319810115646e-22
"L.supT","L.isthCG",-0.0291914756422143,0.36254396905019
"L.supT","L.parsTRI",0.234899154706492,1.09001362083279e-13
"L.supT","R.infT",0.519860392489059,1.32890652765525e-68
"L.supT","R.latorbF",0.247938098883091,4.00093835904564e-15
"L.supT","L.rosmidF",0.0842920259384317,0.0084552407455558
"L.supT","L.supF",0.123490771845072,0.000110699550210099
"L.supT","R.cauantCG",-0.0393501575932787,0.219594325048938
"L.supT","L.LG",0.0915796346777066,0.00421082165054516
"L.supT","R.isthCG",-0.0797028423753288,0.0127926790336641
"L.supT","L.medorbF",0.167713930705388,1.38293652865334e-07
"L.supT","R.SM",0.354003337559541,3.67907633574018e-30
"L.supT","L.supT",0.630856125875101,2.44385419618859e-109
"L.supT","R.midT",0.546313794406947,5.94529296329259e-77
"L.supT","L.postCEN",0.290528757178648,2.03299613314737e-20
"L.supT","R.latO",0.175893887044011,3.23172498449828e-08
"L.supT","R.parOP",0.331197552329885,2.16535444343496e-26
"L.supT","L.paraCEN",0.171935874238583,6.58702697152648e-08
"L.supT","R.parsTRI",0.240381409855067,2.781435582403e-14
"L.supT","R.medorbF",0.0970554883647226,0.00241467356027471
"L.supT","R.CN",0.0479097550443705,0.13493504719471
"L.supT","L.INS",0.345108217544965,1.18428002262367e-28
"R.midT","L.cauantCG",0.138072899748945,1.51475104649164e-05
"R.midT","L.parsORB",0.227350337805189,6.7608047524656e-13
"R.midT","R.parsORB",0.216648088279708,8.05745036589831e-12
"R.midT","L.preCN",0.250326096265201,2.13842122162e-15
"R.midT","R.ENT",0.154581264342254,1.23595075359008e-06
"R.midT","L.CN",0.103054478476342,0.00127152595876704
"R.midT","R.periCAL",0.0134288245044321,0.675365306271302
"R.midT","L.rosantCG",0.283210147855316,1.93065129036657e-19
"R.midT","L.caumidF",0.296624237767203,2.96354331640375e-21
"R.midT","R.rosantCG",0.203937388017102,1.29771534369108e-10
"R.midT","L.latO",0.209204895423853,4.19066010370356e-11
"R.midT","L.FUS",0.3523527031115,7.06621853026691e-30
"R.midT","R.LG",0.103418976895074,0.00122159838531803
"R.midT","R.postCEN",0.357043206130942,1.09475729777544e-30
"R.midT","L.periCAL",-0.0185228688433363,0.563477478036855
"R.midT","L.SM",0.447175892740355,4.14680699503093e-49
"R.midT","L.parOP",0.392750295064538,2.59289375055871e-37
"R.midT","L.supP",0.284452492852091,1.3236964941688e-19
"R.midT","R.posCG",0.124823835382039,9.30954747475197e-05
"R.midT","L.ENT",0.158418571688592,6.63683882668244e-07
"R.midT","R.FUS",0.344473130018988,1.5109708839294e-28
"R.midT","R.supP",0.259904635275967,1.62087453208445e-16
"R.midT","R.supT",0.493280725313912,6.34564206042003e-61
"R.midT","R.rosmidF",0.16526264751155,2.10941720699353e-07
"R.midT","R.preCEN",0.267297835833613,2.05527117926334e-17
"R.midT","L.latorbF",0.180098157296966,1.48997987972399e-08
"R.midT","L.transT",0.258400000140573,2.44812603476196e-16
"R.midT","L.posCG",0.0995462382144403,0.00185776849927722
"R.midT","R.transT",0.277585254803146,1.04125788322647e-18
"R.midT","R.preCN",0.240167508253174,2.93556367102719e-14
"R.midT","L.preCEN",0.28518863245785,1.05747936647491e-19
"R.midT","L.infP",0.367068402807888,1.82909654360055e-32
"R.midT","R.infP",0.375621630354622,4.96010828184093e-34
"R.midT","R.INS",0.266379598181986,2.66562417364305e-17
"R.midT","R.caumidF",0.181183266141849,1.21644188183476e-08
"R.midT","R.paraCEN",0.249033625383947,3.00402332548124e-15
"R.midT","L.infT",0.528881197257319,2.28589664741283e-71
"R.midT","R.supF",0.150063933196597,2.5211911311304e-06
"R.midT","L.paraH",0.208293922460575,5.10641535158243e-11
"R.midT","L.midT",0.543564077649018,4.75329761417975e-76
"R.midT","R.paraH",0.202906662097034,1.61327183717486e-10
"R.midT","L.isthCG",0.0452518876771952,0.157979278737574
"R.midT","L.parsTRI",0.299680603595995,1.10870012395943e-21
"R.midT","R.infT",0.500431660794693,6.34917132247069e-63
"R.midT","R.latorbF",0.130622658822879,4.29519682789187e-05
"R.midT","L.rosmidF",0.276840684986524,1.29770499219676e-18
"R.midT","L.supF",0.236643943768501,7.08374203199273e-14
"R.midT","R.cauantCG",0.136469276526004,1.90448407996648e-05
"R.midT","L.LG",0.102206570927764,0.00139503116383284
"R.midT","R.isthCG",0.0330834769198435,0.302077480784633
"R.midT","L.medorbF",0.201692472025608,2.08171666355187e-10
"R.midT","R.SM",0.458906798454482,6.0347792908e-52
"R.midT","L.supT",0.500534207239904,5.93873074279413e-63
"R.midT","R.midT",0.595733929278382,1.03711089758841e-94
"R.midT","L.postCEN",0.361400568891976,1.88234633415972e-31
"R.midT","R.latO",0.247180729008807,4.87361130854212e-15
"R.midT","R.parOP",0.333428857353008,9.55951482685883e-27
"R.midT","L.paraCEN",0.223590579920535,1.63824084172998e-12
"R.midT","R.parsTRI",0.268308733672004,1.54183148370092e-17
"R.midT","R.medorbF",0.100525275879968,0.00167318303749987
"R.midT","R.CN",0.0966239661480738,0.00252539918861972
"R.midT","L.INS",0.402308091827723,3.13699287747647e-39
"L.postCEN","L.cauantCG",0.0201146522305042,0.530437976817454
"L.postCEN","L.parsORB",0.279954468247591,5.14458592745907e-19
"L.postCEN","R.parsORB",0.22208419634658,2.32520746749155e-12
"L.postCEN","L.preCN",0.283208053466617,1.93187702174454e-19
"L.postCEN","R.ENT",0.381227283221842,4.39449668867627e-35
"L.postCEN","L.CN",0.135482588370022,2.18983120400794e-05
"L.postCEN","R.periCAL",0.0609907485541721,0.056940796130272
"L.postCEN","L.rosantCG",0.140984410849499,9.93068293838108e-06
"L.postCEN","L.caumidF",0.299715328219738,1.09630974252401e-21
"L.postCEN","R.rosantCG",0.00283093661100139,0.92965194958213
"L.postCEN","L.latO",0.30302171820341,3.73372025058291e-22
"L.postCEN","L.FUS",0.418745107531345,1.12096683447203e-42
"L.postCEN","R.LG",0.222548431142994,2.08789964333934e-12
"L.postCEN","R.postCEN",0.423383705590615,1.10065690210279e-43
"L.postCEN","L.periCAL",0.0332708699711287,0.299345844998996
"L.postCEN","L.SM",0.425827615131081,3.19326861698212e-44
"L.postCEN","L.parOP",0.397676844489813,2.71254160984599e-38
"L.postCEN","L.supP",0.356101995917556,1.59559389146313e-30
"L.postCEN","R.posCG",0.0554838506533545,0.0833458376368705
"L.postCEN","L.ENT",0.344239635016194,1.65231770309351e-28
"L.postCEN","R.FUS",0.44042668605966,1.58651252503904e-47
"L.postCEN","R.supP",0.366538815675238,2.27877483690623e-32
"L.postCEN","R.supT",0.496526204978766,7.95703855833589e-62
"L.postCEN","R.rosmidF",0.0689280045265108,0.0313914297397213
"L.postCEN","R.preCEN",0.413878513767364,1.23095527665763e-41
"L.postCEN","L.latorbF",0.298325799282922,1.7168174099981e-21
"L.postCEN","L.transT",0.350280204765019,1.59478680535005e-29
"L.postCEN","L.posCG",0.0433060680717538,0.176653545532999
"L.postCEN","R.transT",0.328109035751656,6.64069875931613e-26
"L.postCEN","R.preCN",0.300302653113301,9.06315319846366e-22
"L.postCEN","L.preCEN",0.470778597210265,6.23392904208519e-55
"L.postCEN","L.infP",0.356525866279084,1.34682723931077e-30
"L.postCEN","R.infP",0.387213681178867,3.1328226365066e-36
"L.postCEN","R.INS",0.277071812209133,1.21206519590799e-18
"L.postCEN","R.caumidF",0.206006878403881,8.3536722813813e-11
"L.postCEN","R.paraCEN",0.374618760530096,7.61442780143405e-34
"L.postCEN","L.infT",0.495163767291114,1.90753681025055e-61
"L.postCEN","R.supF",0.181162290975347,1.22123489638359e-08
"L.postCEN","L.paraH",0.234986978916939,1.06671056674958e-13
"L.postCEN","L.midT",0.468303327356948,2.67337445831237e-54
"L.postCEN","R.paraH",0.279813287515211,5.36637112269364e-19
"L.postCEN","L.isthCG",0.0776648836385347,0.0152814697941189
"L.postCEN","L.parsTRI",0.266004612335774,2.96340413513761e-17
"L.postCEN","R.infT",0.470380095808228,7.88693356048104e-55
"L.postCEN","R.latorbF",0.245121761418863,8.3051616226183e-15
"L.postCEN","L.rosmidF",0.183578587519198,7.73998733624479e-09
"L.postCEN","L.supF",0.268159070597655,1.60898425559171e-17
"L.postCEN","R.cauantCG",-0.0087551960062976,0.784825968973467
"L.postCEN","L.LG",0.215273954019047,1.09745451478007e-11
"L.postCEN","R.isthCG",0.0281398612610971,0.380099197422954
"L.postCEN","L.medorbF",0.13264539933486,3.25414851453071e-05
"L.postCEN","R.SM",0.454001454286047,9.56023977464267e-51
"L.postCEN","L.supT",0.541136976691006,2.93068447162367e-75
"L.postCEN","R.midT",0.442911675580134,4.18638512865959e-48
"L.postCEN","L.postCEN",0.477206520545144,1.34382744400943e-56
"L.postCEN","R.latO",0.32926326734412,4.37507198629992e-26
"L.postCEN","R.parOP",0.299998007309917,1.0004047268699e-21
"L.postCEN","L.paraCEN",0.339327339883604,1.06547500077355e-27
"L.postCEN","R.parsTRI",0.197570040886011,4.88846632027963e-10
"L.postCEN","R.medorbF",0.00632147995080939,0.843720402705746
"L.postCEN","R.CN",0.170962145270759,7.82869757418516e-08
"L.postCEN","L.INS",0.280073995772783,4.96390229245197e-19
"R.latO","L.cauantCG",0.181293499820211,1.19155095309989e-08
"R.latO","L.parsORB",-0.0196253771048267,0.540488108265762
"R.latO","R.parsORB",-0.0899276518277185,0.00495287043730832
"R.latO","L.preCN",0.281182238281722,3.56037222120338e-19
"R.latO","R.ENT",0.133424476348861,2.92107359225162e-05
"R.latO","L.CN",0.362045738196866,1.44702145399122e-31
"R.latO","R.periCAL",0.328943784503612,4.91163318765086e-26
"R.latO","L.rosantCG",0.160007914207712,5.10755275098061e-07
"R.latO","L.caumidF",0.0786038287883453,0.0140863192712018
"R.latO","R.rosantCG",0.0498662223824912,0.119697871232683
"R.latO","L.latO",0.420620496473472,4.40533590549055e-43
"R.latO","L.FUS",0.288316050377611,4.04330628516271e-20
"R.latO","R.LG",0.357173803106717,1.03889934273095e-30
"R.latO","R.postCEN",0.217202831839156,7.1083525825606e-12
"R.latO","L.periCAL",0.324239449827642,2.6553441612397e-25
"R.latO","L.SM",0.110052780598826,0.000576470207994803
"R.latO","L.parOP",0.0794582955079301,0.0130710854205918
"R.latO","L.supP",0.259709472269602,1.71018672020747e-16
"R.latO","R.posCG",0.207780422300537,5.70592593296056e-11
"R.latO","L.ENT",0.106737837105665,0.000843373235892039
"R.latO","R.FUS",0.297522340330068,2.22265570159824e-21
"R.latO","R.supP",0.257563141983153,3.0756483255282e-16
"R.latO","R.supT",0.117628288280009,0.000232306128335602
"R.latO","R.rosmidF",-0.0914207428852173,0.00427754261746871
"R.latO","R.preCEN",0.0987631189428857,0.00201866464378396
"R.latO","L.latorbF",0.101745874861321,0.00146667732991764
"R.latO","L.transT",0.26552632163761,3.39115318552772e-17
"R.latO","L.posCG",0.197770128276203,4.69203140491775e-10
"R.latO","R.transT",0.220725260678823,3.18214117865341e-12
"R.latO","R.preCN",0.282730629239203,2.23229159617218e-19
"R.latO","L.preCEN",0.163372760904627,2.90871036412255e-07
"R.latO","L.infP",0.215273032584496,1.09768115363456e-11
"R.latO","R.infP",0.246046643654055,6.54068337013445e-15
"R.latO","R.INS",0.307380825552638,8.8334961311819e-23
"R.latO","R.caumidF",0.0102766282957576,0.748601123225078
"R.latO","R.paraCEN",0.155302416375692,1.10089740255577e-06
"R.latO","L.infT",0.24531977492905,7.89181755953335e-15
"R.latO","R.supF",-0.0578524492451589,0.0709750183742274
"R.latO","L.paraH",0.176617076360576,2.83246561173555e-08
"R.latO","L.midT",0.10825937688682,0.000709148226744752
"R.latO","R.paraH",0.197766194954488,4.69581774976781e-10
"R.latO","L.isthCG",0.195276500925408,7.79851981048843e-10
"R.latO","L.parsTRI",0.0157681103040065,0.622890391328975
"R.latO","R.infT",0.264502961222706,4.52103958540593e-17
"R.latO","R.latorbF",0.0373745201025188,0.243643025818549
"R.latO","L.rosmidF",0.0238790450503163,0.456409173096201
"R.latO","L.supF",0.0439168074364667,0.170623274540172
"R.latO","R.cauantCG",0.138297215039362,1.46670920987507e-05
"R.latO","L.LG",0.347633486995055,4.47032014231158e-29
"R.latO","R.isthCG",0.243526430872693,1.25100098585876e-14
"R.latO","L.medorbF",0.0834502218975514,0.00913559080133127
"R.latO","R.SM",0.174877646344469,3.88607808760706e-08
"R.latO","L.supT",0.160591162288579,4.63649501389673e-07
"R.latO","R.midT",0.13131878488811,3.90565666917222e-05
"R.latO","L.postCEN",0.224873903430989,1.21324309602516e-12
"R.latO","R.latO",0.463540307673126,4.25843346583804e-53
"R.latO","R.parOP",-0.00325516011656261,0.919143854838902
"R.latO","L.paraCEN",0.172580994189742,5.8717184464609e-08
"R.latO","R.parsTRI",-0.0783372941284881,0.0144169134116745
"R.latO","R.medorbF",-0.041000257329624,0.200851913817223
"R.latO","R.CN",0.397707783805195,2.67403320551203e-38
"R.latO","L.INS",0.26964792085371,1.05158961080687e-17
"R.parOP","L.cauantCG",-0.0184111153037889,0.565833762117377
"R.parOP","L.parsORB",0.415305702756638,6.12113473194607e-42
"R.parOP","R.parsORB",0.445100354842816,1.28303568762761e-48
"R.parOP","L.preCN",0.31503343151185,6.62771386671875e-24
"R.parOP","R.ENT",0.377046738209984,2.69057996583275e-34
"R.parOP","L.CN",0.143158253659573,7.20591525630639e-06
"R.parOP","R.periCAL",0.060172331540371,0.0603576077037282
"R.parOP","L.rosantCG",0.188325915897109,3.10338132417234e-09
"R.parOP","L.caumidF",0.256719639682772,3.86780279493076e-16
"R.parOP","R.rosantCG",0.0794308464764919,0.0131026665600501
"R.parOP","L.latO",0.269974440451173,9.57599787250042e-18
"R.parOP","L.FUS",0.464449618799788,2.51885650324008e-53
"R.parOP","R.LG",0.271852626643276,5.5745202741851e-18
"R.parOP","R.postCEN",0.345675798502518,9.52120881019178e-29
"R.parOP","L.periCAL",0.0335707324374291,0.29500907243341
"R.parOP","L.SM",0.434280259999049,4.08419208599843e-46
"R.parOP","L.parOP",0.468933603153153,1.84735496630119e-54
"R.parOP","L.supP",0.328782088936209,5.20751856765183e-26
"R.parOP","R.posCG",0.102630033551935,0.00133203193089763
"R.parOP","L.ENT",0.385549728214939,6.56351341528715e-36
"R.parOP","R.FUS",0.479888275349939,2.64573987661324e-57
"R.parOP","R.supP",0.314661898619035,7.52897336928475e-24
"R.parOP","R.supT",0.61956606922006,1.96461553476708e-104
"R.parOP","R.rosmidF",0.27096212697656,7.20852244513838e-18
"R.parOP","R.preCEN",0.398018970353435,2.31565628110006e-38
"R.parOP","L.latorbF",0.468368574602837,2.57311464790461e-54
"R.parOP","L.transT",0.387618690957115,2.61501755824668e-36
"R.parOP","L.posCG",0.0781139940850447,0.0146991220211721
"R.parOP","R.transT",0.394812672064759,1.01246334548113e-37
"R.parOP","R.preCN",0.299296847554836,1.25519096170312e-21
"R.parOP","L.preCEN",0.381951344150151,3.20217760546765e-35
"R.parOP","L.infP",0.393094738652898,2.21705826528418e-37
"R.parOP","R.infP",0.375016247995103,6.42593667819069e-34
"R.parOP","R.INS",0.291074017260794,1.71454106410568e-20
"R.parOP","R.caumidF",0.267487160820454,1.94773777105143e-17
"R.parOP","R.paraCEN",0.370558964293267,4.25144024886272e-33
"R.parOP","L.infT",0.532323638106031,1.91400243468248e-72
"R.parOP","R.supF",0.302896976661188,3.88955768945479e-22
"R.parOP","L.paraH",0.278666865273509,7.55327408209661e-19
"R.parOP","L.midT",0.521154716815355,5.39440911610947e-69
"R.parOP","R.paraH",0.318728631710757,1.84655935576773e-24
"R.parOP","L.isthCG",0.0824015914235,0.0100510874419197
"R.parOP","L.parsTRI",0.388902509329468,1.47243957019471e-36
"R.parOP","R.infT",0.499981848805524,8.50960501165792e-63
"R.parOP","R.latorbF",0.467430044467986,4.45554812798851e-54
"R.parOP","L.rosmidF",0.269931383819727,9.6950302391504e-18
"R.parOP","L.supF",0.34422086566394,1.66423269336891e-28
"R.parOP","R.cauantCG",0.00454005173426647,0.887410229227416
"R.parOP","L.LG",0.276203225240594,1.56605069504069e-18
"R.parOP","R.isthCG",0.0167946457216484,0.600433746923677
"R.parOP","L.medorbF",0.317839344701422,2.51560225803121e-24
"R.parOP","R.SM",0.441515760489558,8.86042246446107e-48
"R.parOP","L.supT",0.590429795290139,1.17577995361853e-92
"R.parOP","R.midT",0.518016332362504,4.76910889862864e-68
"R.parOP","L.postCEN",0.345900421855894,8.7324358525489e-29
"R.parOP","R.latO",0.251895556956059,1.41161106945338e-15
"R.parOP","R.parOP",0.453862609576122,1.03310681609573e-50
"R.parOP","L.paraCEN",0.348465847185463,3.23611505413263e-29
"R.parOP","R.parsTRI",0.461417850707825,1.44168969124988e-52
"R.parOP","R.medorbF",0.228008375348635,5.78119482636747e-13
"R.parOP","R.CN",0.141007283345995,9.89746964205843e-06
"R.parOP","L.INS",0.32153966293499,6.90123248387413e-25
"L.paraCEN","L.cauantCG",0.290088222751739,2.33236699610204e-20
"L.paraCEN","L.parsORB",0.351983519295395,8.17247764704106e-30
"L.paraCEN","R.parsORB",0.295575759633568,4.14105026245596e-21
"L.paraCEN","L.preCN",0.55166365251702,9.84992226991825e-79
"L.paraCEN","R.ENT",0.141050129245297,9.83553772795581e-06
"L.paraCEN","L.CN",0.360699686831515,2.50317466231812e-31
"L.paraCEN","R.periCAL",0.178801621211127,1.89553225472174e-08
"L.paraCEN","L.rosantCG",0.290061952652918,2.35153394605707e-20
"L.paraCEN","L.caumidF",0.35743416066938,9.35833702486382e-31
"L.paraCEN","R.rosantCG",0.206167701851917,8.07098564997665e-11
"L.paraCEN","L.latO",0.446176907853212,7.1488102122013e-49
"L.paraCEN","L.FUS",0.484031468805402,2.08795830989586e-58
"L.paraCEN","R.LG",0.328556416362413,5.65017574005016e-26
"L.paraCEN","R.postCEN",0.464392474285201,2.60348443516046e-53
"L.paraCEN","L.periCAL",0.189894818284035,2.28239359276105e-09
"L.paraCEN","L.SM",0.4629963723392,5.8255252014749e-53
"L.paraCEN","L.parOP",0.418659768955114,1.16946976532506e-42
"L.paraCEN","L.supP",0.491975438117916,1.45348427682836e-60
"L.paraCEN","R.posCG",0.364208347017245,5.9659472946878e-32
"L.paraCEN","L.ENT",0.144930887642664,5.52831774979965e-06
"L.paraCEN","R.FUS",0.468795719922078,2.00305607692826e-54
"L.paraCEN","R.supP",0.447623470912963,3.2470535181933e-49
"L.paraCEN","R.supT",0.412697064265705,2.18928868561821e-41
"L.paraCEN","R.rosmidF",0.252759967413861,1.12159524828661e-15
"L.paraCEN","R.preCEN",0.533164444110194,1.03984352323997e-72
"L.paraCEN","L.latorbF",0.360557766220281,2.65167305787492e-31
"L.paraCEN","L.transT",0.350639362438129,1.38556983637276e-29
"L.paraCEN","L.posCG",0.412645417324784,2.24497542268471e-41
"L.paraCEN","R.transT",0.287781217586406,4.76995551919277e-20
"L.paraCEN","R.preCN",0.514003950872575,7.48498255221064e-67
"L.paraCEN","L.preCEN",0.532485555258272,1.7020542099555e-72
"L.paraCEN","L.infP",0.487741176795642,2.08619712300228e-59
"L.paraCEN","R.infP",0.480764929566025,1.55046574125179e-57
"L.paraCEN","R.INS",0.381475823684412,3.9424163755499e-35
"L.paraCEN","R.caumidF",0.351637720846059,9.36360636704877e-30
"L.paraCEN","R.paraCEN",0.551194819184655,1.4150733079823e-78
"L.paraCEN","L.infT",0.443009201504383,3.97221965022882e-48
"L.paraCEN","R.supF",0.388241817645748,1.97944559551707e-36
"L.paraCEN","L.paraH",0.25771163740886,2.95377622705745e-16
"L.paraCEN","L.midT",0.384824979406915,9.046077466554e-36
"L.paraCEN","R.paraH",0.289498460133283,2.80222055499532e-20
"L.paraCEN","L.isthCG",0.350494158229327,1.46666085408591e-29
"L.paraCEN","L.parsTRI",0.353232137362354,4.99320247780681e-30
"L.paraCEN","R.infT",0.401809741000976,3.9631417980024e-39
"L.paraCEN","R.latorbF",0.288081689287806,4.34718636416244e-20
"L.paraCEN","L.rosmidF",0.302673860366706,4.18448433618334e-22
"L.paraCEN","L.supF",0.447248302203389,3.98602040371954e-49
"L.paraCEN","R.cauantCG",0.233086219892662,1.6995090219561e-13
"L.paraCEN","L.LG",0.370116627427977,5.12003476280119e-33
"L.paraCEN","R.isthCG",0.304522513319503,2.27933529925394e-22
"L.paraCEN","L.medorbF",0.226200301155126,8.87771072300994e-13
"L.paraCEN","R.SM",0.481084375275953,1.27562967474587e-57
"L.paraCEN","L.supT",0.395553058453867,7.21199630785341e-38
"L.paraCEN","R.midT",0.394877645800065,9.82801195528502e-38
"L.paraCEN","L.postCEN",0.482088018135558,6.9009644361907e-58
"L.paraCEN","R.latO",0.416456475214789,3.4762939273907e-42
"L.paraCEN","R.parOP",0.388594651713751,1.69025803411049e-36
"L.paraCEN","L.paraCEN",0.608576925729169,7.57077324846879e-100
"L.paraCEN","R.parsTRI",0.303143391283258,3.5876646896711e-22
"L.paraCEN","R.medorbF",0.166053498807668,1.84203761650385e-07
"L.paraCEN","R.CN",0.352334352138926,7.11752275562548e-30
"L.paraCEN","L.INS",0.370921461149818,3.64987648140208e-33
"R.parsTRI","L.cauantCG",-0.0526629637102264,0.100293676163532
"R.parsTRI","L.parsORB",0.4972992156597,4.83664022422143e-62
"R.parsTRI","R.parsORB",0.554110934926261,1.47239899369334e-79
"R.parsTRI","L.preCN",0.281736269775841,3.01368634095142e-19
"R.parsTRI","R.ENT",0.180406940546646,1.40659133184771e-08
"R.parsTRI","L.CN",0.105899666210238,0.000927008700944763
"R.parsTRI","R.periCAL",0.0418183828449015,0.192003790331044
"R.parsTRI","L.rosantCG",0.107549536918356,0.000769090035297836
"R.parsTRI","L.caumidF",0.316391834285743,4.1518695416988e-24
"R.parsTRI","R.rosantCG",0.115333498133501,0.000307716119598079
"R.parsTRI","L.latO",0.159039429697579,5.99321293206359e-07
"R.parsTRI","L.FUS",0.309589265932448,4.21624882807598e-23
"R.parsTRI","R.LG",0.193879549914609,1.03361914534206e-09
"R.parsTRI","R.postCEN",0.309699854301145,4.06227884369184e-23
"R.parsTRI","L.periCAL",0.0167924229143575,0.60048197654176
"R.parsTRI","L.SM",0.431883087072383,1.42384299640289e-45
"R.parsTRI","L.parOP",0.483587209639531,2.7459928464067e-58
"R.parsTRI","L.supP",0.278894672133923,7.05815492377882e-19
"R.parsTRI","R.posCG",0.101045379255141,0.00158212491637247
"R.parsTRI","L.ENT",0.20347069775676,1.43232485947645e-10
"R.parsTRI","R.FUS",0.289842413242507,2.51791174209798e-20
"R.parsTRI","R.supP",0.26273163847138,7.41534636693546e-17
"R.parsTRI","R.supT",0.503492131901142,8.55571586793236e-64
"R.parsTRI","R.rosmidF",0.47239276152646,2.39677115423135e-55
"R.parsTRI","R.preCEN",0.3614437034459,1.84957057787997e-31
"R.parsTRI","L.latorbF",0.480648614924186,1.66453925720994e-57
"R.parsTRI","L.transT",0.279617553569983,5.6895302959262e-19
"R.parsTRI","L.posCG",0.0618342566511746,0.0535889462565189
"R.parsTRI","R.transT",0.277892243236589,9.50713076547385e-19
"R.parsTRI","R.preCN",0.277954369429671,9.33357183584688e-19
"R.parsTRI","L.preCEN",0.320533096543172,9.8288732260723e-25
"R.parsTRI","L.infP",0.367086858932095,1.81512465880966e-32
"R.parsTRI","R.infP",0.34335199080846,2.31971982532751e-28
"R.parsTRI","R.INS",0.132709749500959,3.22532712211308e-05
"R.parsTRI","R.caumidF",0.351713831564361,9.08748696196706e-30
"R.parsTRI","R.paraCEN",0.374281172023894,8.7932879566954e-34
"R.parsTRI","L.infT",0.447793133758976,2.95925031136239e-49
"R.parsTRI","R.supF",0.447658172843878,3.18600878781984e-49
"R.parsTRI","L.paraH",0.173050528861585,5.39897529446144e-08
"R.parsTRI","L.midT",0.46639824192219,8.13176704913577e-54
"R.parsTRI","R.paraH",0.193252341699659,1.17219189688676e-09
"R.parsTRI","L.isthCG",0.0616233896355186,0.0544110531376403
"R.parsTRI","L.parsTRI",0.498300165380447,2.53371580982527e-62
"R.parsTRI","R.infT",0.350493125995502,1.46725382992642e-29
"R.parsTRI","R.latorbF",0.514754733553421,4.48392901046344e-67
"R.parsTRI","L.rosmidF",0.421890042831857,2.33312737143772e-43
"R.parsTRI","L.supF",0.417032604265924,2.61661908061049e-42
"R.parsTRI","R.cauantCG",0.0355082667838725,0.268003377474239
"R.parsTRI","L.LG",0.206009044703191,8.34980101603257e-11
"R.parsTRI","R.isthCG",0.00617078552245613,0.847399619751577
"R.parsTRI","L.medorbF",0.366405231991395,2.40853720663171e-32
"R.parsTRI","R.SM",0.411996568725436,3.07676919159094e-41
"R.parsTRI","L.supT",0.457224408824398,1.56446343078285e-51
"R.parsTRI","R.midT",0.431670689532674,1.5896695760829e-45
"R.parsTRI","L.postCEN",0.298045171355872,1.879035205568e-21
"R.parsTRI","R.latO",0.118753660895356,0.000202014898054953
"R.parsTRI","R.parOP",0.500127394826667,7.74059667075563e-63
"R.parsTRI","L.paraCEN",0.343456090744327,2.22936097950777e-28
"R.parsTRI","R.parsTRI",0.60937216773264,3.5752632439754e-100
"R.parsTRI","R.medorbF",0.377416343049924,2.29474194517523e-34
"R.parsTRI","R.CN",0.0956040741198725,0.0028057634672541
"R.parsTRI","L.INS",0.225468774332019,1.05491555925835e-12
"R.medorbF","L.cauantCG",-0.0600367808892507,0.060939577515206
"R.medorbF","L.parsORB",0.233503120744774,1.53500343746643e-13
"R.medorbF","R.parsORB",0.311111126728875,2.52338953876838e-23
"R.medorbF","L.preCN",-0.0368946224191832,0.249753531189153
"R.medorbF","R.ENT",0.154386714510697,1.27502718770533e-06
"R.medorbF","L.CN",-0.0536366742225097,0.0941578895330535
"R.medorbF","R.periCAL",-0.132463102978099,3.33712823724714e-05
"R.medorbF","L.rosantCG",0.113007148415431,0.000407079307902626
"R.medorbF","L.caumidF",-0.0845473439944658,0.00825802922772078
"R.medorbF","R.rosantCG",0.164586906763981,2.36721549775758e-07
"R.medorbF","L.latO",-0.0612448519558936,0.0559132111031907
"R.medorbF","L.FUS",0.19172305274155,1.5902192523448e-09
"R.medorbF","R.LG",0.0467661868107124,0.144510375117599
"R.medorbF","R.postCEN",-0.0761290430484405,0.0174290173092609
"R.medorbF","L.periCAL",-0.11483459786799,0.000326890694875828
"R.medorbF","L.SM",-0.0586154015056523,0.0673261486813645
"R.medorbF","L.parOP",0.0271556781283875,0.396992759475008
"R.medorbF","L.supP",-0.0646006550580007,0.0437295500926114
"R.medorbF","R.posCG",0.0279899716222207,0.382643197994773
"R.medorbF","L.ENT",0.224128738320831,1.44470576246071e-12
"R.medorbF","R.FUS",0.125871823937657,8.11464712126962e-05
"R.medorbF","R.supP",-0.0532609980897901,0.0964886052548421
"R.medorbF","R.supT",0.157280946858551,7.9927318096537e-07
"R.medorbF","R.rosmidF",0.164104315311979,2.56965864545952e-07
"R.medorbF","R.preCEN",-0.0868869715865816,0.00663358678565517
"R.medorbF","L.latorbF",0.265287460103125,3.62699167399653e-17
"R.medorbF","L.transT",0.044879536944789,0.161432186366319
"R.medorbF","L.posCG",-0.0210974086901185,0.510541640544559
"R.medorbF","R.transT",0.0222683176549813,0.487354819390453
"R.medorbF","R.preCN",-0.06091611055507,0.0572455933810533
"R.medorbF","L.preCEN",-0.109797412398394,0.0005938375998619
"R.medorbF","L.infP",-0.0322400602984126,0.314576459949303
"R.medorbF","R.infP",-0.0327708721004842,0.306671082612075
"R.medorbF","R.INS",0.126299105357033,7.6703025904486e-05
"R.medorbF","R.caumidF",-0.0287277137930864,0.370222426372385
"R.medorbF","R.paraCEN",-0.0815348719771271,0.010868421916632
"R.medorbF","L.infT",0.167442685111398,1.44951908546008e-07
"R.medorbF","R.supF",0.113464631548738,0.000385440933933865
"R.medorbF","L.paraH",0.181257531950437,1.19961773871639e-08
"R.medorbF","L.midT",0.0427130055545321,0.182659673194395
"R.medorbF","R.paraH",0.177458545346546,2.42789750444967e-08
"R.medorbF","L.isthCG",0.0115783177702545,0.718038760133168
"R.medorbF","L.parsTRI",0.0780206302158203,0.0148185501053956
"R.medorbF","R.infT",0.114374022496365,0.000345578081772527
"R.medorbF","R.latorbF",0.417582293889982,1.99435401584875e-42
"R.medorbF","L.rosmidF",0.0489509627136609,0.12664957565398
"R.medorbF","L.supF",0.0297937898504372,0.352721364779299
"R.medorbF","R.cauantCG",0.0297215285008579,0.353890855364566
"R.medorbF","L.LG",0.00217060795647203,0.946032134226335
"R.medorbF","R.isthCG",0.00962118811338292,0.764144307879185
"R.medorbF","L.medorbF",0.292706499112689,1.02722296780745e-20
"R.medorbF","R.SM",-0.0741904811823646,0.0205136064460554
"R.medorbF","L.supT",0.112398472401599,0.00043762795081298
"R.medorbF","R.midT",0.0768737445296441,0.0163567664096393
"R.medorbF","L.postCEN",-0.0673108728063793,0.0355998327781296
"R.medorbF","R.latO",-0.0906553162028004,0.00461256360406995
"R.medorbF","R.parOP",0.123845996218821,0.000105724540820092
"R.medorbF","L.paraCEN",-0.0747417035222123,0.0195915095850872
"R.medorbF","R.parsTRI",0.175846394399571,3.25977096924751e-08
"R.medorbF","R.medorbF",0.378005689276617,1.77970437936168e-34
"R.medorbF","R.CN",-0.0772780629430571,0.0157992066026526
"R.medorbF","L.INS",0.0973836986875917,0.00233344754944093
"R.CN","L.cauantCG",0.219623056900983,4.09809169251929e-12
"R.CN","L.parsORB",0.148381441867377,3.27067643646118e-06
"R.CN","R.parsORB",0.0660565039201031,0.0391867569997112
"R.CN","L.preCN",0.476036066656339,2.71912235943066e-56
"R.CN","R.ENT",0.170046854183162,9.20026290009845e-08
"R.CN","L.CN",0.543673406769012,4.37782361508215e-76
"R.CN","R.periCAL",0.437084927721193,9.35414809816358e-47
"R.CN","L.rosantCG",0.221515403982926,2.65217236957481e-12
"R.CN","L.caumidF",0.156644818976647,8.86319998478765e-07
"R.CN","R.rosantCG",0.0926779237342989,0.00377482269465004
"R.CN","L.latO",0.559791395141713,1.68078030396031e-81
"R.CN","L.FUS",0.443945600098697,2.39708429265314e-48
"R.CN","R.LG",0.546005541385814,7.5127697393418e-77
"R.CN","R.postCEN",0.36324818124254,8.84886184388227e-32
"R.CN","L.periCAL",0.442177470878021,6.21285232725093e-48
"R.CN","L.SM",0.243806256283352,1.16451152997324e-14
"R.CN","L.parOP",0.211560940342972,2.5030360336685e-11
"R.CN","L.supP",0.427770288562428,1.18543766367183e-44
"R.CN","R.posCG",0.283489608552255,1.77379604376635e-19
"R.CN","L.ENT",0.166147543673067,1.81250855713631e-07
"R.CN","R.FUS",0.46069354030851,2.18151707442202e-52
"R.CN","R.supP",0.427286714690187,1.51798229546631e-44
"R.CN","R.supT",0.258398771614003,2.44894775557597e-16
"R.CN","R.rosmidF",0.0296956614331696,0.354310086574281
"R.CN","R.preCEN",0.256932753186132,3.65050241982691e-16
"R.CN","L.latorbF",0.244139011360576,1.06928572353953e-14
"R.CN","L.transT",0.389114242327495,1.33903774725938e-36
"R.CN","L.posCG",0.312461388713154,1.596199137391e-23
"R.CN","R.transT",0.330022909761676,3.32113512661572e-26
"R.CN","R.preCN",0.464933710596041,1.90334270478411e-53
"R.CN","L.preCEN",0.291308806516518,1.59308401656553e-20
"R.CN","L.infP",0.400766368515756,6.45714760669917e-39
"R.CN","R.infP",0.398345426116004,1.99087210236696e-38
"R.CN","R.INS",0.395437609144275,7.60418247071905e-38
"R.CN","R.caumidF",0.109465735847583,0.000617120925470079
"R.CN","R.paraCEN",0.338269605909283,1.58468438845172e-27
"R.CN","L.infT",0.321064643608508,8.15596730683261e-25
"R.CN","R.supF",0.100570885822523,0.00166500930496747
"R.CN","L.paraH",0.23836221364367,4.61816435222479e-14
"R.CN","L.midT",0.203485485454529,1.42785779714872e-10
"R.CN","R.paraH",0.284649415111485,1.24660986265441e-19
"R.CN","L.isthCG",0.305963232734123,1.41538619702317e-22
"R.CN","L.parsTRI",0.122873966052121,0.000119865768006222
"R.CN","R.infT",0.363737950698702,7.23817430389449e-32
"R.CN","R.latorbF",0.178964200824217,1.83934358063647e-08
"R.CN","L.rosmidF",0.117669387998799,0.000231128762346703
"R.CN","L.supF",0.183569544058616,7.75329826537523e-09
"R.CN","R.cauantCG",0.151089680212088,2.1482669945476e-06
"R.CN","L.LG",0.523344049379586,1.1635386511125e-69
"R.CN","R.isthCG",0.353822673363966,3.95225154279307e-30
"R.CN","L.medorbF",0.16491773795155,2.23741832852241e-07
"R.CN","R.SM",0.316176659197832,4.47186366085376e-24
"R.CN","L.supT",0.26662028972087,2.49023139854726e-17
"R.CN","R.midT",0.196041880007661,6.67719925721364e-10
"R.CN","L.postCEN",0.359657506277648,3.81938689826803e-31
"R.CN","R.latO",0.56966005240243,5.75486360767148e-85
"R.CN","R.parOP",0.125580042917539,8.43192063844879e-05
"R.CN","L.paraCEN",0.3551961566822,2.29012327727624e-30
"R.CN","R.parsTRI",0.0509332227907791,0.11197443151097
"R.CN","R.medorbF",0.0742834825493786,0.0203554308184584
"R.CN","R.CN",0.597052161471783,3.15687917865083e-95
"R.CN","L.INS",0.319265952385551,1.53112484733974e-24
"L.INS","L.cauantCG",0.0916997138433957,0.00416102554542004
"L.INS","L.parsORB",0.210130364403644,3.42515648307956e-11
"L.INS","R.parsORB",0.238960927503094,3.97546899343017e-14
"L.INS","L.preCN",0.152428610211521,1.74041552968298e-06
"L.INS","R.ENT",0.332789719975183,1.20906324670724e-26
"L.INS","L.CN",0.0481956592448046,0.132619367669093
"L.INS","R.periCAL",-0.112300154267951,0.00044275839616281
"L.INS","L.rosantCG",0.235008717442243,1.06101842310768e-13
"L.INS","L.caumidF",-0.0023464014168803,0.941668869586394
"L.INS","R.rosantCG",0.226925246376178,7.47828226438077e-13
"L.INS","L.latO",0.168629863635339,1.17923345950755e-07
"L.INS","L.FUS",0.494261676246173,3.39586439717592e-61
"L.INS","R.LG",0.122120038335332,0.000132040611048689
"L.INS","R.postCEN",0.196932686521568,5.56910535558924e-10
"L.INS","L.periCAL",-0.129802520820845,4.80134470349958e-05
"L.INS","L.SM",0.208318619578133,5.0791881867657e-11
"L.INS","L.parOP",0.211035359145188,2.80946490496227e-11
"L.INS","L.supP",0.15092010991113,2.20603403466058e-06
"L.INS","R.posCG",0.0802804725990888,0.0121557773035076
"L.INS","L.ENT",0.370011790257966,5.35044281080961e-33
"L.INS","R.FUS",0.466607002820313,7.2009938059841e-54
"L.INS","R.supP",0.119837690697221,0.00017637368168182
"L.INS","R.supT",0.517376202238191,7.41786688499535e-68
"L.INS","R.rosmidF",0.0427493785207227,0.182287016270989
"L.INS","R.preCEN",0.170677353340914,8.2327456485613e-08
"L.INS","L.latorbF",0.298479214736219,1.63406673145356e-21
"L.INS","L.transT",0.243576179553987,1.23517627358006e-14
"L.INS","L.posCG",0.0863107584206084,0.00700452853132238
"L.INS","R.transT",0.212986833502671,1.82697165021188e-11
"L.INS","R.preCN",0.0926967992718195,0.00376770142105924
"L.INS","L.preCEN",0.142721497402504,7.68844516076501e-06
"L.INS","L.infP",0.205966515207743,8.42612428289859e-11
"L.INS","R.infP",0.204405627564855,1.17509283145979e-10
"L.INS","R.INS",0.421869878628817,2.35685052460222e-43
"L.INS","R.caumidF",0.0304134845966957,0.342792561498005
"L.INS","R.paraCEN",0.10850410813267,0.000689507703560598
"L.INS","L.infT",0.46238470079771,8.28082989421773e-53
"L.INS","R.supF",0.0628018088926764,0.0499483933693725
"L.INS","L.paraH",0.368706124630972,9.24451968352369e-33
"L.INS","L.midT",0.356662777683013,1.2750042147795e-30
"L.INS","R.paraH",0.385472922212532,6.79075334972213e-36
"L.INS","L.isthCG",0.0965988683893161,0.00253197960772636
"L.INS","L.parsTRI",0.107923870627429,0.000736918040081349
"L.INS","R.infT",0.463023165756521,5.73637436854838e-53
"L.INS","R.latorbF",0.294422485987223,5.97362482661863e-21
"L.INS","L.rosmidF",0.00899535532211108,0.779074563570607
"L.INS","L.supF",0.0630863331271726,0.0489180768537462
"L.INS","R.cauantCG",0.0881441183223003,0.00588482712935579
"L.INS","L.LG",0.10399438229024,0.00114644912124637
"L.INS","R.isthCG",0.0452240522349154,0.158235456800872
"L.INS","L.medorbF",0.207626909260899,5.89813228088233e-11
"L.INS","R.SM",0.232524706034551,1.94867567555151e-13
"L.INS","L.supT",0.4824798036696,5.42642831834212e-58
"L.INS","R.midT",0.424210351351935,7.25047941264627e-44
"L.INS","L.postCEN",0.180183657853806,1.46642182596712e-08
"L.INS","R.latO",0.152527432315477,1.71345732150225e-06
"L.INS","R.parOP",0.275414806842232,1.97455861946902e-18
"L.INS","L.paraCEN",0.123098022439539,0.000116456458076216
"L.INS","R.parsTRI",0.183194388931289,8.32550018630365e-09
"L.INS","R.medorbF",0.166532188289797,1.69642053503832e-07
"L.INS","R.CN",0.0541234360530719,0.0912052623987888
"L.INS","L.INS",0.456577771021132,2.25300025580945e-51
